Nqubit : 6

Rate : 0.1

1 ,          0,  0.840878,  0.790326,  0.791133,   1.22492,   1.60122,  0.440649,
2 ,          0,  0.461182,  0.521113,   1.37421,   1.57386,   1.51745,   2.05637,
3 ,          0,  0.943468,   1.25174,   1.75892,   1.11071,   1.54425,   1.36993,
4 ,          0,-3.43965e-07,  0.727201,   1.33058,   1.07306,  0.976197,   1.10371,
5 ,          0,  0.131839,   1.51333,   1.29005,   1.35585,   1.20505,   1.18874,
6 ,          0,  0.795109,   1.45002,   1.18549,   1.30122,   1.33531,   1.40931,
7 ,          0,    0.3211,  0.970995,   1.08772,   1.32047,   1.23099,   1.75763,
8 ,          0,  0.387762,  0.965667,   1.64559,   1.48436,   1.82184,  0.961025,
9 ,          0,  0.655062,   1.21533,   1.12104,   1.71195,   1.72762,   2.13897,
10 ,          0,  0.291893,   1.12622,   1.61189,   2.10917,   2.13879,   2.24205,
11 ,          0,  0.686056,   1.04153,   0.78627,   1.34426,   1.85021,   1.41961,
12 ,          0,    1.0281,   1.22002,   1.29914,    2.0095,   2.40197,   2.31123,
13 ,          0,  0.666101,  0.995856,   1.02907,  0.591647,   1.10691,   1.80891,
14 ,          0,  0.327967,  0.701737,   1.31978,  0.768168,   1.56893,   1.37957,
15 ,          0,  0.477871,   1.04934,  0.676934,   1.59638,   1.54384,   2.03792,
16 ,          0,  0.872577,  0.724811,  0.983053,  0.686898,  0.996169,   1.51062,
17 ,          0,  0.660856,  0.446115,  0.639708,    1.0502,   1.40757,   1.28651,
18 ,          0,1.71983e-07,  0.678866,   1.29266,   1.62831,   1.75244,   1.90356,
19 ,          0,  0.350343,   1.21633,   1.19005,    1.3033,   1.67656,   1.53426,
20 ,          0,  0.479667,   1.20715,   1.64289,   2.02448,   1.78157,   1.42292,
21 ,          0,   1.07502,  0.855272,   1.59454,   1.65795,   1.68079,   2.07191,
22 ,          0,  0.249044,   1.06338,   1.56578,   1.01576,   1.74729,   2.16576,
23 ,          0,   1.12765,    1.3239,   1.34101,   1.75956,  0.690456,   1.19548,
24 ,          0,  0.927977,  0.958431,   1.03418,  0.864947,   1.18671,   1.72814,
25 ,          0,  0.873193,   1.41714,   1.47681,   1.50468,   1.86778,   2.06439,
26 ,          0,   1.06055,    1.3172,   1.08294,  0.903543,  0.739217,   1.39903,
27 ,          0,   1.36274,   1.35642,   1.63332,   1.52532,  0.998326,  0.340223,
28 ,          0,   1.17117,  0.751324,   1.61622,   2.02399,  0.982322,   1.40585,
29 ,          0,  0.870352,    1.6107,   1.16501,   1.78885,   2.08757,   2.07008,
30 ,          0,  0.731294,   1.52616,   1.32942,   1.47379,   2.04635,   1.42664,
31 ,          0,  0.399222,   0.84655,   1.46085,  0.861211,   1.23404,  0.888268,
32 ,          0,  0.905282,  0.951373,   1.09542,   1.38952,  0.878302,  0.354019,
33 ,          0,  0.766805,  0.656045,   1.28646,   1.79784,   1.41735,   1.84585,
34 ,          0,  0.188132,  0.396567,   1.19815,   1.32696,   1.63662,    1.3486,
35 ,          0,  0.300536,   1.02625,   1.14416,   1.78578,   1.69543,   1.74065,
36 ,          0,1.71983e-07,   1.09474,   1.63135,   1.52276,   1.79538,   1.11772,
37 ,          0,   0.49718,  0.542636,   1.40486,    1.6885,   1.46209,   2.04737,
38 ,          0,   0.64131,   1.51695,   1.61781,   1.03077,   1.37398,   1.28683,
39 ,          0,  0.174408,   1.26328,   1.08855,   1.56982,    1.0381,   1.59768,
40 ,          0,  0.385884,   1.82865,    1.3374,   1.31406,   1.64814,   1.36034,
41 ,          0,   1.10564,   1.48527,   1.19384,   1.55901,   1.80234,   1.60574,
42 ,          0,  0.447063,  0.945861,   1.22246,   1.23584,   1.88798,   1.36985,
43 ,          0,  0.875589,   1.17539,   1.02062,  0.953594,  0.635246,  0.919457,
44 ,          0,   1.06154,   1.77167,   1.53312,   1.81421,   1.64329,   1.52534,
45 ,          0,   1.20502,   1.20914,   1.54629,  0.487522,   1.14515,   1.09917,
46 ,          0, 0.0470647,  0.937299,  0.691884,   1.40553,   2.06656,   2.24867,
47 ,          0,  0.846507,   1.56898,   1.78518,   1.51252,   1.42295,   1.88606,
48 ,          0, 0.0630971,   0.75297,   1.13265,  0.743322,   1.70417,    2.0454,
49 ,          0,  0.139706,   0.21035,   1.37698,   1.76704,   2.03474,   1.37423,
50 ,          0,  0.940207,   1.53799,   1.09651,   1.25388,   1.80486,    1.8675,
51 ,          0,  0.778204,  0.307728,  0.607381,   1.13797,   1.61304,   1.29519,
52 ,          0,  0.640737,  0.797845,  0.339605,  0.763621,  0.557664,  0.843691,
53 ,          0,   0.62836,  0.882546,   1.42449,   1.13604,   1.12841,   1.39601,
54 ,          0,   0.94639,  0.919917,  0.461944,   1.07575,   1.25726,   1.31846,
55 ,          0,  0.784119,   1.47578,   1.89177,   2.06524,   2.22622,  0.804862,
56 ,          0,  0.114978,   0.94626,    1.5261,   2.15271,    2.1606,   1.65868,
57 ,          0,  0.122788,   0.90801,   1.23256,   1.49507,   1.38583,   1.24136,
58 ,          0,  0.869052,   1.43359,   1.08493,   1.73945,   2.09227,   1.42689,
59 ,          0,   1.12192,   1.20605,   1.27002,    1.7386,   1.42349,   1.77907,
60 ,          0,  0.528938,   1.35064,   1.80309,  0.676997,   1.27787,  0.772842,
61 ,          0,  0.968554,    1.1472,   1.87083,  0.908865,  0.554628,   1.54073,
62 ,          0,  0.395434,    1.3929,   1.95568,  0.527089,  0.795778,   1.07226,
63 ,          0,  0.406447,   1.38041,   1.53787,   1.84951,    2.0903,   1.61435,
64 ,          0,  0.165522,  0.743875,     1.077,   1.22577,    1.5119,   1.78092,
65 ,          0,  0.494222,   1.03576,   1.14513,   1.29986,     1.907,    1.5122,
66 ,          0,  0.515421,  0.977024,   1.14085,   2.02018,   1.42653,   1.58302,
67 ,          0,   0.79753,   1.52775,   1.53136,   1.84059,   1.44795,   1.41904,
68 ,          0,  0.766495,  0.707158,   1.33512,   1.84293,   1.97233,   1.94468,
69 ,          0,  0.517728,  0.674422,  0.494449,   0.30387,   1.19458,   1.47724,
70 ,          0,  0.628394,    1.3338,   1.39007,   1.32016,   1.79221,   1.16251,
71 ,          0,   1.33173,  0.882099,   1.08141,   1.26547,   1.82177,   1.90319,
72 ,          0,   1.08985,   1.23591,   1.60898,  0.637604,   1.91754,   1.75791,
73 ,          0,  0.840285,   1.73197,   2.11169,   1.62327,   2.19009,   1.77369,
74 ,          0,8.59913e-07,   0.79003,  0.293049,   0.38664,  0.959366,    1.2934,
75 ,          0,    1.1783,   1.22592,  0.355903,   1.27703,   1.33938,     1.259,
76 ,          0,   0.92912,   1.50086,   1.96957,   1.69342,   1.25675,   1.48111,
77 ,          0,  0.987586,   1.18072,    1.3299,   2.00431,   1.43507,   1.56659,
78 ,          0,  0.612206,  0.227889,   1.34325,   1.21483,   1.81577,    2.0333,
79 ,          0,  0.446691,   1.19797,   1.03493,   1.72721,   1.51957,   1.49328,
80 ,          0,   1.14504,   1.54807,   1.74364,    2.0788,   2.06066,   1.58698,
81 ,          0,  0.514606,  0.265082,  0.808472,   1.08452,   1.04781,  0.735908,
82 ,          0,   0.11582,  0.348634,   1.34729,   1.82738,   2.00114,   2.03556,
83 ,          0,  0.338194,   1.43063,    1.3972,   1.96498,   2.11414,   1.48296,
84 ,          0,  0.603458,  0.451529,  0.405306,  0.727328,  0.713538,   1.20646,
85 ,          0,  0.431193,   1.34589,   1.01516,    1.3134,   1.36646,   1.75022,
86 ,          0,  0.793691,   1.59554,   1.10861,   1.75403,   2.05108,   1.88408,
87 ,          0,   0.63199,   1.00824,  0.773144,  0.713573,  0.547542,   1.31431,
88 ,          0, 0.0849205,  0.827299,   1.07237,   1.53092,   1.86968,   2.00734,
89 ,          0,  0.365449,  0.626473,   1.37231,   2.02015,   1.66634,   2.19953,
90 ,          0,   1.05815,   1.63787,   2.09931,   2.03598,   1.62132,   1.44236,
91 ,          0,  0.538171,   1.04718,  0.956899,   1.30894,   1.12453,  0.772628,
92 ,          0,1.71983e-07,  0.161717,  0.848147,    1.3065,   1.23219,   1.00367,
93 ,          0,   1.02042,   1.14278,   1.53852,   1.23674,   1.06793,   1.55746,
94 ,          0,  0.853308,   1.17725,   1.70472,  0.858555,  0.711804,  0.754034,
95 ,          0,  0.759345,  0.655334,   0.52084,  0.765815,   1.09338,   1.21419,
96 ,          0,  0.556425,   1.41443,   1.89958,    1.4021,   0.81949,     1.173,
97 ,          0,   0.89947,  0.293302,   1.50509,   1.73531,   1.16076,   1.00809,
98 ,          0,  0.724211,   1.06762,   1.03034,  0.847591,  0.897388,   1.24853,
99 ,          0,  0.874764,   1.44135,   1.74549,   1.61212,   1.93795,    1.3994,
100 ,          0,  0.883388,  0.979154,   2.17635,  0.782371,   1.72246,   1.85254,
101 ,          0,  0.791252,  0.782443,  0.956705,    1.5622,   2.00535,   2.09033,
102 ,          0,   1.14009,   1.79297,   2.31818,   1.18369,   1.96439,   2.29599,
103 ,          0,  0.865627,   1.18847,   1.46601,   1.39978,  0.817645,   1.05082,
104 ,          0,  0.456203,  0.274951,  0.538061,   1.01624,  0.938795,   1.03667,
105 ,          0,1.71983e-07,    1.3065,   1.88554,   1.43643,   1.58309,   1.39748,
106 ,          0,  0.757261,   1.02925,  0.875085,   1.87908,   1.50461,   1.12391,
107 ,          0,  0.805723,   1.30639,   1.94638,   1.47374,    1.9185,   1.81388,
108 ,          0,  0.617496, 0.0502313,  0.996077,   1.06004,   1.76467,   1.02363,
109 ,          0,  0.576508,  0.891335,   1.65699,   1.67519,   1.38241,   1.67159,
110 ,          0,  0.725373,   1.27059,   1.65231,   1.24815,   1.53746,   1.98854,
111 ,          0,  0.849789,   0.74926,  0.575786,   1.77161,   1.39137,   1.53529,
112 ,          0,  0.614243,   1.39312,  0.723028,   1.18656,   1.71591,   1.49473,
113 ,          0,  0.282808,   1.25858,  0.885391,   1.97838,   2.16025,   2.18967,
114 ,          0, 0.0922485,   1.00321,   1.04499,   1.17867,    0.8144,   1.00518,
115 ,          0,  0.541936,   1.40966,   1.69894,   2.07198,   1.31931,   1.56335,
116 ,          0,  0.563255,   1.13859,   1.04066,   1.60749,   1.58691,   1.86087,
117 ,          0,  0.590312,  0.856417,   0.96926,   1.21919,   1.51828,   1.10954,
118 ,          0,  0.767061,   1.21962,  0.490716,  0.904433,   1.54039,   1.37166,
119 ,          0,  0.090729,  0.724089,  0.511763,   1.30451,   1.36903,  0.745716,
120 ,          0,  0.724878,   0.81791,  0.940557,  0.666036,  0.521818,  0.473241,
121 ,          0,  0.489819,   1.42766,    1.1487,   1.52291,   1.64193,   1.99834,
122 ,          0,   1.04345,   2.05642,   2.07133,   1.71398,   1.96161,   1.31992,
123 ,          0,  0.507233,   1.08171,   1.05972,   1.26138,   1.78311,   1.62053,
124 ,          0,   0.29231,  0.822536,   1.23854,   1.77257,   1.19603,   1.82099,
125 ,          0,  0.192497,  0.678548,  0.725737,   1.77666,   1.69818,   1.58601,
126 ,          0,  0.799286,  0.983206,   1.15719,    1.5013,  0.813934,    1.0846,
127 ,          0,  0.577055,   1.17257,  0.900257,   1.40442,   0.69133,   1.26036,
128 ,          0,  0.835638,   1.07747,   1.39006,   1.95302,   2.15366,   1.52791,
129 ,          0,  0.570385,   1.22066,   1.14605,    1.2122,   1.80437,  0.715317,
130 ,          0,  0.800212,   1.37914,   1.42905,   1.91384,   2.18164,  0.991318,
131 ,          0,         0,  0.292902,   1.38918,   1.81438,  0.922344,   1.36558,
132 ,          0,  0.684298,  0.704467,  0.952829,   1.57324,   2.01547,   2.10458,
133 ,          0,   0.66798,   2.01938,   2.19856,   2.18299,   1.77163,  0.829078,
134 ,          0,  0.663345,   1.66761,   1.67439,   2.11844,   1.33728,   1.18016,
135 ,          0,  0.746399,  0.865408,  0.950604,   1.00489,  0.946325,  0.829699,
136 ,          0,   1.16386,  0.975875,   1.27839,    1.5371,   1.83412,   1.60762,
137 ,          0,  0.624094,  0.668259,   1.10453,   1.60209,   1.65461,   1.41529,
138 ,          0,   1.07773,  0.521622,   1.45604,   1.83912,   1.51363,   1.31767,
139 ,          0,  0.811834,  0.983397,   1.18009,   1.96198,   1.94443,     1.501,
140 ,          0,  0.516683,   1.39445,   0.57286,  0.388986,  0.214685,  0.393777,
141 ,          0,  0.151934,  0.915044,   1.68572,   1.60059,   1.81235,   1.68738,
142 ,          0,  0.103894,   1.27685,   1.21559,  0.442823,   1.31805,   1.03317,
143 ,          0,  0.683976,   1.07082,   1.31225,   1.47245,    2.0146,   2.30479,
144 ,          0,  0.499871,   1.24083,   1.32407,   1.49604,   1.55858,   2.12619,
145 ,          0,         0,     1.069,   1.39477,   1.87442,   1.67453,   1.60411,
146 ,          0,  0.931914,   1.66622,   1.32307,   1.73416,   1.15327,   1.54476,
147 ,          0,  0.559053,  0.954555,   1.41066,   1.48739,   1.76293,   1.00821,
148 ,          0,  0.708569,  0.806176,  0.709022,   1.83896,   1.32218,   0.84685,
149 ,          0,   1.00244,   1.43332,   1.86882,   1.59747,   1.46828,   1.82075,
150 ,          0,  0.533323,   1.14538,   1.50262,  0.632593,  0.494609,  0.565943,
151 ,          0,  0.853085,   1.03333,   1.97754,   2.15136,   1.13886,   1.29578,
152 ,          0,   0.48712,   1.40685,   1.94496,   1.39875,  0.984624,   1.47746,
153 ,          0,  0.918959,    1.7546,   1.81294,   1.99963,  0.662749,  0.535361,
154 ,          0,  0.200352,   0.88725,   1.73781,   1.97274,   1.76267,   1.36547,
155 ,          0,   1.30732,   1.72234,   1.56371,   2.26157,   1.42047,   2.00296,
156 ,          0,  0.864455,   1.00153,  0.928422,  0.453707,  0.687196,  0.817909,
157 ,          0,  0.612563,  0.697402,   1.34623,   1.24411,   1.53515,   2.06194,
158 ,          0,  0.831544,   1.30978,   1.45957,   1.10803,  0.934344,   1.15043,
159 ,          0,  0.853632,  0.568464,   1.14656,   1.55761,   1.80547,   1.89253,
160 ,          0,  0.563271,   1.75198,  0.981968,   1.33435,   2.05384,   1.67267,
161 ,          0,  0.964859,   1.87414,   1.97924,   1.89206,   1.46393,  0.745353,
162 ,          0, 0.0910328,  0.886428,   1.60807,   1.04468,   1.83446,   2.03538,
163 ,          0,   1.19123,   1.60613,   1.13856,   1.44113,   2.11919,   2.22666,
164 ,          0,    1.4301,   1.03242,   1.37066,   1.29984,  0.737382,   0.86497,
165 ,          0,  0.794008,   1.70063,   1.41217,  0.395211,  0.582047,   1.15403,
166 ,          0,  0.415466,   1.21295,   1.39204,  0.681296,    1.9175,   1.29531,
167 ,          0,  0.499039,   1.39377,   1.31516,   1.68556,   2.02292,   1.34806,
168 ,          0,   0.66202,  0.855037,  0.285153,   1.05334,   1.14594,    1.9451,
169 ,          0,   1.07988,   1.32487,   1.37363,    1.8941,   2.04373,   1.71899,
170 ,          0,  0.617004,    1.5886,   1.37563,   1.33399,   1.65688,   1.76172,
171 ,          0,  0.197644,  0.812993,   1.30879,   1.16867,   1.58259,   1.43886,
172 ,          0,  0.429184,   1.37369,   1.27312,   1.29607,   1.93364,  0.908418,
173 ,          0,  0.837059,   1.06788,   1.26941,   1.57252,   1.59156,   1.21118,
174 ,          0,  0.927443,   1.50091,   1.70194,   1.66208,   1.05606,   1.90964,
175 ,          0,  0.806014,   1.23453,   1.60095,   2.16578,   1.58352,   2.00324,
176 ,          0,  0.681692,  0.376164,   1.28857,   1.12954,   1.46663,   2.10306,
177 ,          0,   1.15616,   1.39542,   1.45206,   1.30493,   1.57616,   2.14413,
178 ,          0,   0.71632,    1.6948,   1.38594,  0.909961,   1.77303,   1.92244,
179 ,          0,  0.991129,    1.6631,   2.09531,   1.54856,   1.44992,   2.00739,
180 ,          0,  0.860256,   1.40432,   0.73711,   1.23396,  0.690519,    1.5714,
181 ,          0,  0.509263,  0.737121,   1.17809,    1.5167,   2.10468,   1.94478,
182 ,          0,         0,  0.557852,   1.30323,   1.65357,   2.01032,   1.50223,
183 ,          0,  0.579815,    1.5893,   1.53487,   1.89189,  0.933387,   1.50854,
184 ,          0,  0.576953,   1.11564,   1.34907,   1.45887,   1.76963,   1.50329,
185 ,          0,  0.398673,   1.21727,   1.54301,   1.07119,   1.79872,   1.43039,
186 ,          0,   0.42239,   1.22499,  0.749035,   1.02624,  0.793431,   1.59682,
187 ,          0,  0.613694,  0.673859,   1.37437,   1.72181,   2.03646,   2.22689,
188 ,          0,  0.819063,   1.27563,   1.60825,   2.12415,   1.51199,    1.5718,
189 ,          0,   0.43647,   1.16942,    1.7999,  0.874713,   1.06516,  0.978553,
190 ,          0,  0.969087,     1.136,   1.44744,   1.29692,   1.25427,   2.19511,
191 ,          0,  0.858808,   1.22007,    1.6695,   1.69946,   2.04407,     1.885,
192 ,          0,  0.653697,  0.873054,   1.16737,  0.686813,   1.01374,   1.34112,
193 ,          0,  0.587365,   1.08329,   1.08852,  0.938474,  0.883838,     1.313,
194 ,          0,  0.776175,  0.565505,   1.56049,  0.722592,   1.26227,   1.88584,
195 ,          0,  0.570052,  0.941087,   1.56459,  0.923849,   1.47753,    1.1749,
196 ,          0,  0.564718,   1.01797,   1.46183,   1.12733,   1.54497,  0.498611,
197 ,          0,1.71983e-07, 0.0481246,  0.887423,   1.10712,   1.42336,   1.01742,
198 ,          0,  0.446196,    1.0782,  0.945113,  0.778921,   1.29659,   1.81593,
199 ,          0,  0.663091,  0.945642,    1.4378,   1.91237,   1.64623,   1.28111,
200 ,          0,  0.885861,   1.11848,   1.52747,   1.15916,   1.14748,   1.44523,
201 ,                    0,            0.639396,             1.08527,             1.29241,             1.39303,             1.47341,             1.47536,
Time Cost : 0.057534

Rate : 0.2

1 ,          0,  0.315807,         0,  0.364991,   1.36576,  0.382755,  0.700711,
2 ,          0,  0.427983,  0.317326,    1.2091,  0.827375,   1.17588,         0,
3 ,          0,  0.775232,   1.56813,3.43965e-07,  0.375401,  0.402366,   1.03147,
4 ,          0, 0.0703716,   0.20335,  0.923185,   1.22987,  0.536544,   1.20294,
5 ,          0,         0,  0.701172,  0.881347,  0.397992,  0.531704,   1.21122,
6 ,          0,  0.971558,  0.722956,  0.482688,         0,  0.529209,  0.907384,
7 ,          0,  0.717873,   1.11292,   1.29864,   1.32939,    1.2054,  0.813107,
8 ,          0, 0.0129977,  0.732731,  0.795096,1.71983e-07,  0.601728,  0.985484,
9 ,          0,         0,   1.16568,   1.05509,   1.08265,    1.3422,  0.995729,
10 ,          0,  0.722302,   1.02874,   1.57129,   0.48257,   1.06022,  0.445522,
11 ,          0,  0.307008,  0.645536,  0.337338,  0.124688, 0.0855422,  0.634581,
12 ,          0,  0.637335,   1.12692,   1.22405,  0.896929,   1.54447,   1.12769,
13 ,          0,  0.764798,   1.09246,   1.02962,   1.68915,  0.745526,   1.27051,
14 ,          0,   0.37374,   1.06638,3.43965e-07,  0.910107,   1.39258,  0.993501,
15 ,          0,  0.655069,    1.1354,   0.43044,  0.195179,  0.713608,   1.13496,
16 ,          0,  0.671702,  0.942364,  0.386533,   1.05148,  0.319179,  0.355735,
17 ,          0,  0.358121,  0.986651,   1.38095,   1.65412,   1.53011,  0.914424,
18 ,          0,-3.43965e-07, 0.0766902,   0.82695,  0.921177,  0.267247,  0.335049,
19 ,          0,  0.567862,  0.902548,  0.869755,  0.966979,   1.60962,  0.751107,
20 ,          0,   0.46065,  0.525415,    1.1171,   1.66695,   1.37785,  0.822907,
21 ,          0,  0.901644,  0.929305,   1.52382,    1.1123,  0.974142,   1.35922,
22 ,          0,   0.54317,    1.4041,   1.58438,   1.57527,   1.62074,  0.654438,
23 ,          0,1.71983e-07,  0.719156,  0.991026,  0.690736,   1.11276,    1.1484,
24 ,          0,1.71983e-07,   0.47929,   1.01441,   1.13357,   1.32158,  0.681946,
25 ,          0,-6.87931e-07,1.71983e-07,   0.28813,  0.329168,  0.809878,  0.440214,
26 ,          0,  0.244731,   1.06843,  0.362873,  0.168736,  0.967748,  0.662647,
27 ,          0,1.71983e-07,0.00126482,   1.01098,  0.254714,  0.789103,   1.23182,
28 ,          0,         0,  0.693105,   1.40456,   1.50123,  0.954742,   0.76763,
29 ,          0,         0,   1.11966,   1.39534,  0.753075,  0.723691,   1.46056,
30 ,          0,  0.898058,   1.36089,   1.20123,   1.37189,   1.17094,  0.305664,
31 ,          0,         0,  0.226649,  0.664485,   1.04824,   1.33863,   1.05619,
32 ,          0,  0.822558,  0.156294,   1.00084,   1.09039,   0.60926,  0.265027,
33 ,          0,    0.7741,  0.420474,    1.2636,    1.7374,   1.56926,   1.48143,
34 ,          0,  0.459513,  0.790785,  0.956147,  0.180625,   1.15056,    1.6307,
35 ,          0,         0,  0.525171,   1.10066,  0.572267,  0.830859,  0.885944,
36 ,          0,5.15948e-07,   1.00479,   1.32118,   1.53801,  0.560021,   1.21057,
37 ,          0,  0.747357,   1.12154,   0.71287,   1.04111,  0.800187,   1.10955,
38 ,          0, 0.0119544,  0.575086,  0.934878,   1.24706,  0.646823,   1.53086,
39 ,          0,  0.730201,  0.541435,  0.458799,  0.591195,  0.775058,   1.25278,
40 ,          0,1.71983e-07,  0.635094,  0.525542,  0.876181,   1.14194,  0.192659,
41 ,          0,  0.454691,  0.629194,  0.121956,  0.686132,   0.59859,   1.66224,
42 ,          0,3.43965e-07,  0.495197,  0.303451,  0.781036,  0.817285,   0.58353,
43 ,          0,    1.1112,   1.07285,   1.04945,   1.24671,  0.217531,  0.102266,
44 ,          0,  0.684162,  0.379765,   1.38638,  0.782066,  0.631405,    1.2651,
45 ,          0,   1.35939,   1.48091,    1.4891,   1.20267,   1.59773,         0,
46 ,          0,  0.136157,0.00294208,0.00047763,   1.54647,   1.10548,   1.27212,
47 ,          0,  0.295506,  0.959548,   0.63857,   1.39095,   1.54351,   1.63299,
48 ,          0, 0.0928896,  0.706021,  0.564459,   1.15607,   1.03215,   1.54615,
49 ,          0,  0.647685,  0.675461,   0.69951,   1.28038,  0.974775,  0.607255,
50 ,          0,  0.838025,     1.202,   1.28282,  0.737096,  0.697072,    1.1895,
51 ,          0,  0.737152,  0.295068,  0.509257,  0.890861,   1.73104,  0.342616,
52 ,          0,  0.846849,  0.913397,  0.480435,  0.321767,3.43965e-07,  0.735993,
53 ,          0,3.43965e-07,  0.331872,    1.3718,   1.58798,  0.480141,  0.594047,
54 ,          0,         0, 0.0752218,3.43965e-07,  0.646825,   1.08172,  0.767973,
55 ,          0,  0.631467,  0.319658,   1.14227,   1.50126,    1.1026,   1.50658,
56 ,          0,  0.687475,  0.469601,   1.05364,   1.14661,  0.573306,  0.785752,
57 ,          0,  0.559615,0.00444361,  0.930856,  0.874736,   1.95098,   1.29572,
58 ,          0,   0.55802,  0.966881,   1.13294,  0.925568,  0.317714,  0.302632,
59 ,          0,  0.958843,    1.3364,  0.535669,   1.33862,   1.57775,   1.71485,
60 ,          0,  0.468009,   1.19391,  0.658958,   1.02938,  0.484105,    1.0332,
61 ,          0,  0.568456,  0.685189,  0.997463,  0.704338,   1.28414,   1.57386,
62 ,          0,   0.91258, 0.0476047,   1.18487,   1.02716,  0.878154,   1.15437,
63 ,          0,  0.734145,  0.598308,0.00779498, 0.0775871, 0.0125049,  0.772214,
64 ,          0,  0.123163,  0.696372,   1.31631,  0.961615,   1.62137,  0.558518,
65 ,          0, 0.0999927,  0.257748, 0.0904544,  0.835156, 0.0558985,  0.310341,
66 ,          0,  0.515602,  0.253261,  0.291368,  0.425021,  0.897974,  0.656978,
67 ,          0,         0, 0.0707677,  0.798035,   1.46032,  0.886992,   1.57981,
68 ,          0,  0.673582,  0.871553,  0.916503,   1.35945,   2.02948,   1.01697,
69 ,          0,  0.677457,         0,  0.424832,  0.810953,   1.33014,  0.927121,
70 ,          0,  0.070528, 0.0505038,  0.358373,   1.37616,  0.692454,   1.20701,
71 ,          0,   0.16026,  0.362255,   1.26633,   1.25292,  0.667054,  0.794383,
72 ,          0,  0.838935,   1.56795,   1.55961,  0.721551,   1.18958,  0.626699,
73 ,          0, 0.0068557,  0.969248,   1.31697,   1.39262,  0.993977,  0.813144,
74 ,          0,  0.691059,  0.800502,  0.129538,  0.397417,  0.205971,  0.370413,
75 ,          0,  0.861161,   1.04674,  0.893594,   1.36697,  0.421399,   0.57417,
76 ,          0,  0.972959,  0.738413,   1.19355,  0.476115,  0.951557,   1.53867,
77 ,          0,  0.957547,  0.742177,  0.362982,  0.409961,  0.372575,  0.606659,
78 ,          0,  0.606254,  0.740221,  0.956096,  0.392929,  0.986769,   1.17421,
79 ,          0,  0.329123,  0.561716,   1.50335,  0.669931,   1.17974,   1.38137,
80 ,          0,   1.13262,   1.73562,  0.889281,  0.867353,   1.72624,   1.83726,
81 ,          0,  0.060898,  0.190945,  0.373041,  0.549462,   0.85739,    1.6675,
82 ,          0,  0.824146,  0.703737,  0.409915,   1.29054,  0.964645,  0.369109,
83 ,          0,  0.851806,  0.928551,   1.20645,  0.847775,   0.99583,  0.633899,
84 ,          0,  0.708257,   1.25143,   1.92758,    1.5922,   1.31928,  0.697676,
85 ,          0,  0.878785,  0.142751,   0.91986,  0.682001,  0.884867,  0.961518,
86 ,          0,  0.725749,    1.5437,  0.725314,  0.832381,  0.762259,  0.150237,
87 ,          0,  0.499349,  0.600012,   1.09138,   1.17807,1.71983e-07,  0.190776,
88 ,          0,  0.801984,   1.62335,   1.24487,   1.43123,  0.664574,   1.32324,
89 ,          0,   1.05576,  0.237768,  0.592187,   1.09558,   1.34873,  0.806306,
90 ,          0,  0.673493,   0.90356,   0.79422,   1.48446,1.71983e-07,  0.859131,
91 ,          0,-3.43965e-07,   1.06364,   1.41617,   1.47145,   1.33219,  0.939339,
92 ,          0,   1.44638,  0.955245,   1.01706,   1.02648,   1.14325,   1.18452,
93 ,          0,    0.6858,  0.446961,  0.368848,  0.771199,  0.805958,   1.03558,
94 ,          0,   0.48096,   1.08965,   1.15287,  0.852424,   1.58515,   1.19443,
95 ,          0,  0.583977,  0.420271,   0.45837,  0.971993,   1.24924,  0.858238,
96 ,          0,  0.330372,  0.130808,  0.567925,  0.113128,  0.586789,  0.178839,
97 ,          0,  0.916911,  0.084775,   1.02896,   1.44801,  0.715206,  0.697366,
98 ,          0,  0.846839,  0.260456,         0,  0.810729,  0.922677,   1.49066,
99 ,          0,  0.374095,  0.668723,   1.19498,  0.511151,  0.582004,   1.66216,
100 ,          0,   0.18062,  0.459335,   1.06745,   1.02074,   1.15518,   2.13047,
101 ,          0,  0.872143,    1.3666,   2.08285,   1.33493,   1.41422,   1.84667,
102 ,          0,  0.637432,  0.514808,  0.685678,  0.454817,6.8793e-07,  0.500282,
103 ,          0,1.71983e-07,  0.404783,   1.12171,  0.953607,  0.297681,  0.420755,
104 ,          0,  0.548337,  0.266975,  0.954117,  0.180949,  0.388644,  0.797405,
105 ,          0,  0.804124,   1.49262,   1.32336,  0.646311,  0.692271,  0.573912,
106 ,          0,  0.332058,  0.396444,  0.515062,   1.14617,  0.976356,  0.288895,
107 ,          0, 0.0838303,   0.98797,  0.742277,  0.832064,   1.64199,   2.17217,
108 ,          0,         0,   1.15779,  0.147494,  0.827836,-3.43965e-07,  0.198111,
109 ,          0,  0.850554,  0.674786,  0.830528,  0.829626,  0.563514,  0.120454,
110 ,          0,  0.285124,    1.5057,  0.818507,   1.26609,-3.43965e-07,  0.835873,
111 ,          0,  0.240012,   1.20947,  0.951269,  0.472412,  0.994949,   1.49667,
112 ,          0,  0.646464,   1.22156,  0.486716,  0.531051,   1.56887,   1.16243,
113 ,          0,  0.699113,  0.458709,  0.597666,  0.915141,   1.40972,   1.84441,
114 ,          0,  0.816421,  0.463409,  0.516418, 0.0880561,  0.310076,  0.812833,
115 ,          0,  0.832832,5.55099e-05,  0.324822,   1.23079,   1.00085,   1.70329,
116 ,          0,  0.667489,     1.603,   1.77732,  0.719434,  0.839085,  0.798437,
117 ,          0,   1.38798,  0.610698,  0.271505,  0.328609,   1.01572,  0.703678,
118 ,          0,  0.834915,  0.447567,  0.164803,    1.3612,   0.74537,  0.686342,
119 ,          0,   1.12093,  0.322056,   1.28267,   1.03789,   1.05911,  0.411076,
120 ,          0,  0.550026,  0.277375,   1.06353,   1.10643,  0.425383,  0.714347,
121 ,          0,  0.422523,   0.78646,  0.492507,  0.137123, 0.0649683,   1.08466,
122 ,          0,   1.03727,  0.365085,   1.59124, 0.0236676,  0.874131,   1.01964,
123 ,          0,  0.658834,   1.20129,  0.818205,   1.03136,   1.24124,  0.503105,
124 ,          0,  0.583187,  0.514214,  0.515846, 0.0447121,  0.763465,    1.4201,
125 ,          0,  0.660319, 0.0748363,  0.890999,  0.913292,   1.24626,   1.07839,
126 ,          0,  0.579017,  0.967026,  0.582171,  0.531824,    1.2791,   1.23095,
127 ,          0,  0.383379,  0.547012,  0.232491,  0.682876,  0.311215,  0.291372,
128 ,          0,  0.243838,3.43965e-07, 0.0306592,  0.810704,  0.983811,   0.16241,
129 ,          0,  0.625718,   1.34333,  0.716661,         0,         0,  0.946412,
130 ,          0,         0,  0.666311,  0.603707,   1.35868,  0.618123,   1.06235,
131 ,          0,  0.407484,   1.05194,  0.328459,  0.895401,   1.25701,  0.975775,
132 ,          0,   0.68497,   1.16649,   1.67262,   1.98981,   1.18481,   1.69267,
133 ,          0,  0.600261,  0.400926,  0.823129,   1.26601,   1.32413,   1.65063,
134 ,          0,  0.926845,         0,   1.31699,   1.41309,   1.90176,   1.11626,
135 ,          0,  0.448279,   0.74161,  0.500891,  0.983217,  0.740868,   1.28764,
136 ,          0,-3.43965e-07,  0.639841,  0.904799,   1.41639,  0.894403,   1.39098,
137 ,          0,  0.100907,  0.619925,   1.36472,  0.734026,   0.44989,   1.07418,
138 ,          0,  0.358706,  0.838433,  0.365956,  0.963812,   1.75143,    1.5459,
139 ,          0,  0.939879, 0.0161755,  0.877743,  0.619488,   1.59383,   2.02163,
140 ,          0,  0.947388,   1.22066,   1.93398,   2.18612,   1.63666,   1.55854,
141 ,          0,  0.380006,  0.911806,  0.247428,   1.12842,   1.21853,    1.4723,
142 ,          0, 0.0998067,  0.740255,     1.487,   1.17899,    1.6158,   1.36214,
143 ,          0,  0.994101,  0.791697,   1.15557,   1.06769,   0.97488,   1.03613,
144 ,          0,  0.452809,  0.582191,  0.540525,   1.07528,    1.0054,   1.04652,
145 ,          0,  0.324295,  0.700726,    1.0191,  0.741757,   1.15213,   1.01252,
146 ,          0, 0.0688524,  0.763888,   1.04323,   1.12615,   1.53596,  0.299914,
147 ,          0,  0.966851,  0.618878,   1.19734,   1.08025,   1.53292,   1.24972,
148 ,          0,1.71983e-07,  0.735104,   1.71365,   1.42948,   1.29852,         0,
149 ,          0,5.15948e-07,  0.830811,   1.15801,  0.529975,  0.843878,  0.452421,
150 ,          0,  0.773292,   1.38376,   1.64922,   1.54863,   1.79609,  0.689913,
151 ,          0,  0.478999,  0.887096,  0.279333,  0.908777,  0.888207,   1.14298,
152 ,          0,   0.91505,   1.48439,  0.545491,  0.953281,  0.806479,  0.941044,
153 ,          0,  0.728219,   1.01281,  0.895415,   0.44419,  0.979841,  0.831578,
154 ,          0,  0.367352,  0.916591,   1.31018,   1.22047,   1.77617,  0.267161,
155 ,          0,  0.168785,  0.999978,  0.983224,  0.987956,    1.2693,   1.37776,
156 ,          0,   1.02352,   0.77429,    1.1999,  0.585552,   1.71456,   1.51498,
157 ,          0, 0.0302096,  0.757861,  0.195807,   1.02716,  0.710107,  0.906726,
158 ,          0, 0.0678978,  0.857214,  0.383711,    1.4065,         0,    1.3762,
159 ,          0,  0.685967,  0.914975,   1.36429,   1.17446,   1.02606,  0.152224,
160 ,          0,  0.520653,  0.594169,  0.449859,   1.10479,   1.59088,   1.38032,
161 ,          0,  0.595736,   1.10468,   0.62857,   0.18132,   0.46654,  0.747087,
162 ,          0,  0.865989,  0.392993,  0.566999,   1.04265,  0.848969,   1.13561,
163 ,          0,1.71983e-07,   0.70894,  0.746625,  0.513335,0.00726972,0.00179051,
164 ,          0,  0.163751,   1.31895,  0.925907,  0.798386,  0.100446,   0.33824,
165 ,          0,  0.675368,  0.596308,   1.55926,   1.77435,   1.15289,   1.92331,
166 ,          0,  0.668188,  0.924843,   1.17565,   1.48745,  0.782042,   1.22048,
167 ,          0,  0.112633, 0.0891277,   1.32729,    1.0433,  0.711981,  0.891742,
168 ,          0,  0.950536,   1.96241,   1.28641,   1.21735,   0.87776,  0.850752,
169 ,          0,  0.861696,  0.817225,  0.985583,  0.337673,  0.268185,  0.897298,
170 ,          0,  0.381307,  0.101612,  0.327665,  0.574256,    0.5136, 0.0584459,
171 ,          0,  0.755612,  0.936673,  0.613708,  0.272599,  0.411039,   0.99823,
172 ,          0,  0.971184,   1.64438,   1.16173,   1.18874,     1.042, 0.0801751,
173 ,          0,  0.886227,    1.0549,   1.34019,   0.88893,   1.32016,   1.14342,
174 ,          0,  0.567954,  0.741049,  0.896459,   1.06427,  0.322961,  0.678129,
175 ,          0,  0.828329,  0.889277,  0.566592,   1.46723,   1.09774,   1.82746,
176 ,          0,  0.625202,   1.31425,   1.57868,  0.646761,  0.667774,   1.69642,
177 ,          0,  0.488507,   0.58923,  0.863179,   1.62334,   2.06365,   1.68392,
178 ,          0,  0.601312,   1.38929,   1.82395,   1.65683,    1.3284,   1.84926,
179 ,          0,  0.583626,  0.656736,   1.61432,   1.07667,  0.368674,  0.241824,
180 ,          0,  0.200963,  0.172089,  0.434716,  0.946513,  0.807437,   1.00548,
181 ,          0,  0.502581,  0.894187,   1.10713,   1.00299,  0.518836,  0.780377,
182 ,          0,  0.404352,   0.97308,   1.37294,   1.39378,   1.39688,  0.860002,
183 ,          0,   1.37332,   1.81246,   1.63135,  0.979676,  0.777743,  0.103012,
184 ,          0,  0.510557,   1.24311,  0.608601,  0.837928,  0.581739,  0.239519,
185 ,          0,1.71983e-07,  0.918064,   1.61446,   1.47054,   1.16689,   1.23147,
186 ,          0,  0.931604,  0.884594,  0.423919,  0.578713,   0.55514,  0.447285,
187 ,          0,  0.146179, 0.0469269,  0.663006, 0.0793921,  0.800712,    1.4346,
188 ,          0,  0.601459,   1.19076,  0.219096, 0.0391685,  0.907137,   1.03389,
189 ,          0,3.43965e-07,  0.836386,   1.23362,    1.2099,   1.04303,   1.58894,
190 ,          0,  0.707353, 0.0658193, 0.0847354,   1.04068,  0.822472,   1.43548,
191 ,          0,         0,   1.33956,   1.61104,   1.26018,   1.13638,   1.09114,
192 ,          0,1.71983e-07,  0.959678, 0.0221075,  0.715067,   1.59455,   2.13278,
193 ,          0,  0.222849,   1.30239,  0.543483,   1.09824,   0.78324,   1.73096,
194 ,          0,  0.324049,   0.76989,         0,  0.686167,   1.30324,   0.27245,
195 ,          0,  0.515798,   1.40548,   1.21044,  0.944502,   1.68665,   1.33722,
196 ,          0,  0.825642,   1.21176,   0.78414,   1.25893,   1.83633,  0.627923,
197 ,          0,  0.820277,   1.04154,  0.715213,  0.545796,   1.05082,  0.882568,
198 ,          0,         0,  0.785926,  0.280816,  0.497096,  0.210222,   1.38413,
199 ,          0,3.43965e-07,   1.09482,   1.98219,   1.31518,   1.22898,   0.76148,
200 ,          0,  0.623818,  0.692853, 0.0279246,  0.572038,  0.601955,  0.791945,
201 ,                    0,            0.510143,            0.131381,            0.869334,            0.931666,            0.931774,            0.962792,
Time Cost : 0.07055



Nqubit : 8

Rate : 0.1

1 ,          0,  0.697289,   1.13116,   1.17165,   1.65608,    1.8335,   1.35895,  0.870316,   1.12437,
2 ,          0,  0.482598,   1.64982,   2.09527,   1.92039,   2.48885,   1.32716,   1.89079,   2.17125,
3 ,          0,  0.429183,   0.76396,   1.64708,   2.17382,   1.47835,   1.68395,    1.5559,   2.09524,
4 ,          0,  0.580449,1.71983e-07,   1.45495,   2.06122,    2.6332,   2.59304,   2.50156,   2.42355,
5 ,          0,  0.634724,  0.959904,  0.805247,   0.83649,   1.19546,   1.77664,   2.06215,   1.89232,
6 ,          0,   0.43049,   1.37323,   1.86479,   2.10832,   2.31721,   2.38504,   2.73517,   2.81688,
7 ,          0,  0.813993,   1.24565,   1.94911,   2.62622,   2.35992,   2.48514,   2.74639,   1.61048,
8 ,          0,   1.04876,   1.07547,   1.37717,   0.97678,   1.04963,   1.01043,   1.06205,    1.8486,
9 ,          0,   1.01321,  0.749623,   1.24598,  0.902359,   1.29553,   2.06497,   1.80162,   1.56144,
10 ,          0,  0.837761,   1.39942,   1.42612,   2.25699,   1.71382,   1.15377,    1.1372,  0.328764,
11 ,          0,  0.917534,    1.3713,    1.6259,  0.927427,   2.07175,   2.58096,   2.23367,   2.12841,
12 ,          0,  0.749246,0.00829748,0.00408676,  0.900347,  0.831755,   1.24192,   1.58859,   2.28553,
13 ,          0,  0.815901,   1.79511,   2.19221,    1.9432,   1.05258,    1.0964,   1.84223,   1.46092,
14 ,          0,  0.743318,  0.942639,   1.43116,    1.5485,    2.1448,   1.02969,   1.05058,  0.780479,
15 ,          0,  0.478499,  0.600435,   1.04067,  0.885143,   1.60248,   1.62172,   1.57933,   1.37477,
16 ,          0,  0.740076,   1.20126,  0.940901,  0.808746,   1.27983,   1.51176,   1.23332,   1.48125,
17 ,          0,  0.358086,   1.21443,   1.54875,   1.41278,   1.23166,   1.75979,   1.36883,  0.865019,
18 ,          0,  0.669367,    1.5492,   1.56718,   1.88082,    1.4791,   1.90826,   2.03367,   2.26837,
19 ,          0,  0.699443,    1.3849,   1.56221,   1.71406,   1.11901,   1.79941,  0.853163,   1.16617,
20 ,          0,  0.915234,  0.134646,   1.26856,   1.00233,   1.44454,   1.81448,  0.520247,   1.51015,
21 ,          0,0.00226486,     1.371,   2.05809,   1.52574,   2.04451,   2.59772,   2.42143,   1.57483,
22 ,          0,  0.760109,  0.851555,   1.39163,   1.40049,   1.51257,   1.83687,   2.00128,   1.29096,
23 ,          0,1.71983e-07,  0.987667,  0.785976,   1.69218,   2.36963,   2.63311,   2.90927,   2.01307,
24 ,          0,  0.589537,  0.365095,   1.25072,   1.69531,   1.38936,   2.19475,   2.20732,   2.33172,
25 ,          0,  0.224253,   0.14159,  0.972673,   1.42236,   1.64085,   1.22147,   1.54003,   1.50416,
26 ,          0,  0.575806,   0.90017,  0.742768,  0.786669,   1.96182,   2.24473,   2.20703,   2.18928,
27 ,          0,   1.20943,  0.684207,   1.52791,   1.82396,   2.26148,   1.71319,   2.01808,   2.17892,
28 ,          0,  0.868129,  0.672015,    1.0634,   1.39733,   2.08407,   2.30574,   2.86766,   2.92894,
29 ,          0,  0.672295,  0.879378,   1.00656,   1.02038,   1.26467,   1.32108,   1.28522,   1.72437,
30 ,          0,  0.576661,   1.31686,   1.63903,   1.70258,   1.31579,   1.78144,   2.29053,   1.11622,
31 ,          0,  0.699677,  0.419771,   1.05415,   1.72193,   2.15604,   2.14346,   1.69321,   2.23354,
32 ,          0,  0.544912,   1.46868,   1.84687,   2.13776,    2.4898,   2.00307,    2.1951,   2.57798,
33 ,          0,  0.484865,   1.26162,   1.82415,   1.67625,   1.21934,   1.62601,   1.70847,   2.35842,
34 ,          0,  0.594215,   1.41644,     2.096,   2.66776,   1.56716,   1.36436,   1.61323,   2.32665,
35 ,          0,  0.642981,  0.180992,   0.97745,  0.954869,   1.74263,   1.48836,   1.27192,   1.37173,
36 ,          0,  0.711975,   1.30124,   1.67559,   2.24879,   2.12726,    2.4235,   1.48847,   1.23792,
37 ,          0,  0.606358,   1.19065,   1.74894,   1.79835,   2.40589,   2.30389,   2.05137,   2.39412,
38 ,          0,  0.696816,  0.813346,   1.36003,    1.7456,   1.17703,   1.67157,   1.34462,    1.6133,
39 ,          0, 0.0224263,  0.629908,   1.22534,   1.28774,   2.22124,   2.69518,   2.80888,   2.67697,
40 ,          0,  0.752753,  0.949324,    1.8742,   2.20825,   2.28417,   1.61245,   1.79897,   2.25914,
41 ,          0,  0.893608,   1.14351,   1.23697,   1.09727,   1.74189,   1.84134,   2.05052,  0.895972,
42 ,          0,   1.03806,   1.56039,   1.52265,   1.75316,   1.49151,   2.08893,   2.45793,   1.40274,
43 ,          0,  0.623626,  0.449228,  0.391476,  0.787696,   1.44423,   1.97216,    2.5582,  0.915904,
44 ,          0,   1.15456,   1.80708,   2.38264,   2.02596,   2.67476,   1.93123,   1.36067,   2.16201,
45 ,          0,1.71983e-07,  0.630969,  0.611081,  0.811382,  0.871509,  0.195438,  0.936198,   1.75003,
46 ,          0,  0.455376,   1.42326,   1.84668,   1.62922,   1.38967,   1.83976,   1.64108,   1.37612,
47 ,          0,  0.590322,  0.806392,   1.63501,    1.9434,   1.67133,   1.56813,   1.77861,   2.40125,
48 ,          0,         0,  0.532692,   1.52442,   1.39912,   1.48506,   1.25816,   1.62254,   1.58989,
49 ,          0,  0.809198,  0.779603,     1.713,   1.72686,   1.09599,   1.73589,   1.76625,   2.01749,
50 ,          0,0.00299083,  0.867339,   1.31134,   1.35208,   2.39339,   2.18149,   1.59638,   2.31377,
51 ,          0,  0.862771,   1.27302,  0.843407,  0.456319,   1.23915,   2.02309,   2.00827,   2.14488,
52 ,          0,  0.276391,   1.60383,   1.57264,   1.70865,   1.68356,  0.869753,   1.94624,   1.49813,
53 ,          0,  0.805758,  0.888154,   1.14963,   1.65524,   1.55975,  0.979685,   1.21658,   1.70706,
54 ,          0,  0.772373,   1.19581,    2.2548,   2.07922,   2.45744,   2.32458,    2.0751,   1.77558,
55 ,          0,  0.908006,  0.831649,   1.56892,   2.34039,   2.70888,   1.29649,     1.665,    1.6894,
56 ,          0, 0.0179013,   1.46327,   2.32584,   2.62558,    1.8603,   1.20623,   2.00927,   2.61225,
57 ,          0, 0.0274962,   0.34818,   1.12086,   1.38403,    1.1812,   1.65591,   1.87437,   1.59481,
58 ,          0,   1.08762,   1.08791,   1.69014,     1.854,   2.61669,   2.10057,   2.04312,   2.18596,
59 ,          0,  0.333687,  0.856059,  0.918891,   1.19195,   1.56851,    1.8054,   1.47012,   1.90922,
60 ,          0,   1.18412,   1.11785,    1.4718,    1.3463,   1.80807,   2.18718,    2.5051,   2.31869,
61 ,          0,  0.678969,   1.03928,  0.948372,  0.986605,   1.22001,   1.77993,   2.22965,   2.38747,
62 ,          0,  0.671852,   1.49428,   1.79181,   1.41409,    2.1146,   0.34431,   0.75275,   1.34121,
63 ,          0,   1.38942,   2.20274,    2.3704,      2.04,    2.5828,   2.37258,   1.43505,   1.67625,
64 ,          0, 0.0237473,   1.23262,   1.91542,   2.52126,   1.67798,   1.95775,   1.36603,   2.04454,
65 ,          0,  0.785513,   1.19011,    1.5939,   2.14766,   2.31926,   2.51038,   2.11612,   2.28921,
66 ,          0,  0.778114,   1.27519,   1.30924,   1.62589,   2.13107,    2.2959,    2.1186,   2.17372,
67 ,          0,  0.489382, 0.0484109,  0.695146,   1.34599,   1.43665,   1.21268,   1.60731,   2.45153,
68 ,          0,   1.07073,   1.60425,    1.6661,   1.66332,      2.13,   1.64924,  0.548023,  0.805543,
69 ,          0,   1.02652,   2.14353,   2.17552,    2.0452,   2.20726,   2.42876,   1.71299,   2.13838,
70 ,          0,  0.217877,    1.1771,   1.61798,   2.35368,   2.67557,   2.64527,   2.10864,   1.74222,
71 ,          0,  0.346662,  0.452477,  0.755892,  0.827332,   1.20679,   1.58785,   1.89768,   1.36671,
72 ,          0,   1.09023,   1.27177,   1.29596,   1.67674,  0.797698,   1.78908,   1.58499,   2.03407,
73 ,          0,   1.28494,  0.319777,  0.575791,  0.525112,   1.20135,   1.25335,   1.36596,   1.32189,
74 ,          0,  0.503167,   1.13405,   2.15134,   2.54952,   2.57185,   2.85329,   2.45827,   2.33454,
75 ,          0,  0.441653,   1.03209,  0.894006,   1.84105,   2.34518,   0.93599,   1.57422,  0.921568,
76 ,          0,  0.471038,   1.45208,   1.31783,   1.15637,   1.18104,    1.7451,   2.40273,    1.9548,
77 ,          0,  0.955838,   1.45958,   1.10707,    2.3712,    2.9043,   2.50603,   1.56417,   2.14235,
78 ,          0, 0.0427785,  0.495234,  0.442557,   1.23751,   0.98346,   1.20158,   1.90711,   1.94354,
79 ,          0,   0.39325,   1.02693,   1.24779,   1.53823,   1.11414,   1.53607,  0.949948,   1.83581,
80 ,          0,   1.07565,  0.897092,   1.77992,   2.13572,   2.69315,   2.30974,   2.37772,   1.55777,
81 ,          0,   1.03685,   1.33968,   1.43602,   1.46175,   1.73024,    1.7962,  0.618344,   1.45077,
82 ,          0,  0.614353,   1.16683,   1.51563,  0.951542,   1.37785,   2.26748,   2.02569,   2.00786,
83 ,          0,   0.68208,   1.83203,   1.88886,   2.34064,   2.43295,   2.90717,    2.0043,   1.59713,
84 ,          0,  0.993718,   1.63968,   1.52376,  0.892918,   1.27014,   1.31434,    1.8135,   2.35947,
85 ,          0,  0.859496,   1.48846,    2.4955,   2.80344,   2.82076,   2.71246,   2.04964,   1.84434,
86 ,          0,  0.463923,   1.25978,  0.267219,   1.43597,  0.968553,  0.905303,   1.12473,   1.58797,
87 ,          0,  0.116901,  0.563143,   1.31549,  0.822536,   1.71165,    2.6275,   2.35892,   1.52337,
88 ,          0,  0.675263,  0.790143,   1.12067,   1.54853,   1.22356,   1.48623,   1.80358,   2.43503,
89 ,          0,  0.325931,   1.61614,   1.60439,   1.77203,   2.10316,   1.95423,   1.71402,  0.336258,
90 ,          0,  0.631866,   1.23911,   1.34644,  0.811309,  0.544354,  0.688266,   1.35794,   1.95157,
91 ,          0,  0.654734,  0.651966,   1.27966,   1.12784,   1.51675,   1.99062,   2.44472,   2.31309,
92 ,          0,   1.21785,   1.18198,   1.17267,   1.20676,   1.50413,   1.66729,   1.37121,  0.982099,
93 ,          0,  0.919572,  0.705307,   1.23204,   2.12679,   2.23844,   2.70871,   2.34716,   1.41587,
94 ,          0,  0.159625,   1.14938,   1.70367,   1.45822,   2.31153,   2.12751,   1.95237,   2.15031,
95 ,          0,  0.897053,    1.1193,  0.971257,    1.1593,   1.98482,   2.18379,   2.13245,   1.57922,
96 ,          0, 0.0157219,   1.31464,   1.87511,   1.62729,   2.04054,   1.51761,   1.98528,   2.15512,
97 ,          0,  0.295002,   1.40873,    1.9032,   1.61627,   1.43721,  0.625549,   1.12074,   1.11394,
98 ,          0,   1.03787,   1.25303,   1.76985,   1.91706,   1.77944,   1.40694,   1.41864,   1.68589,
99 ,          0,  0.318976,  0.990619,   1.72148,   1.56068,   1.52503,  0.833142,  0.303116,   1.16262,
100 ,          0,  0.417346,   1.32197,   1.50199,   2.31076,   1.74758,   1.34317,   2.03905,   1.80392,
101 ,          0,  0.216824,  0.749256,  0.707862,  0.838785,   1.31125,   1.74769,   1.70402,   1.63619,
102 ,          0,  0.556635,   1.27758,   1.04863,   1.36359,   1.99445,    2.4266,   2.27993,   2.13222,
103 ,          0,  0.862079,   1.50995,   1.97982,    2.4802,   2.32141,   2.28609,   2.67298,    1.5667,
104 ,          0,  0.684043,    1.0131,   2.04186,   2.09686,   1.95211,   2.26628,     2.283,   2.41174,
105 ,          0, 0.0807702,  0.932287,   2.12861,   2.63633,   2.20927,    1.7322,   2.27424,    1.7889,
106 ,          0,  0.979037,   1.49053,   1.95401,   2.33023,    1.7477,   1.28248,   1.40376,   1.80356,
107 ,          0,  0.895689,   1.43215,   1.52648,   1.63254,   1.65794,   2.17729,   2.34332,   2.62839,
108 ,          0,         0,  0.994102,    1.6355,   1.73647,   2.17189,   2.54323,   2.45446,   1.84306,
109 ,          0,  0.395284,  0.642541,  0.460797,   1.25208,  0.846556,   1.17599,    1.5142,   1.51018,
110 ,          0,   0.39995, 0.0413775,  0.753324,  0.980325,   1.82786,   1.75987,   2.15527,   2.18334,
111 ,          0,  0.592683,  0.590503,   0.65559,   1.31186,   1.58092,   2.28661,   2.41495,    2.8603,
112 ,          0,  0.579297,    1.7325,   1.42669,   1.55749,   1.40621,  0.882201,   1.32923,   1.63053,
113 ,          0,  0.281969,  0.977052,   1.70223,   1.52774,    1.2216,   1.58506,   1.60811,   1.93857,
114 ,          0,  0.754405,  0.738193,   1.26255,   1.55525,   1.27135,   1.57884,   1.91572,    1.0706,
115 ,          0,  0.668697,   1.88127,   1.84435,   1.78877,   1.64855,  0.284043,   1.22848,   1.47574,
116 ,          0,  0.665747,   1.69484,   2.16968,   2.66424,   2.32514,   2.28301,   2.52181,    2.1625,
117 ,          0,  0.836741,   1.26996,   1.44934,    1.3218,    1.0825,   1.79235,   1.61739,   1.52021,
118 ,          0,  0.858839,  0.726453,   1.40821,   2.33217,   2.32249,   2.03138,   2.53123,   2.26718,
119 ,          0,   0.85697,  0.988339,   1.53799,   1.54798,   1.54636,   2.14874,   1.59643,  0.955354,
120 ,          0,  0.703858,  0.493019,  0.976478,  0.850731,   1.19935,   2.08703,   2.76087,   2.24946,
121 ,          0,  0.276964,  0.713521,   1.44074,   1.98478,    2.2203,   1.39371,   1.41635,   2.35369,
122 ,          0,  0.997912,   1.31315,   1.61321,   2.15167,    0.7828,    1.0019,   1.51184,   1.57104,
123 ,          0,  0.465821,  0.740346,   1.36553,   1.75709,   1.18196,   1.80596,   1.99831,   2.99504,
124 ,          0,  0.742264,  0.764326,    1.3946,  0.471138,   1.30771,   1.42545,   1.87699,   2.23306,
125 ,          0,  0.815429,   1.43084,   1.18054,   1.91509,   2.06504,   1.34696,   1.90271,   1.29077,
126 ,          0,   1.21579,   1.59015,   1.12604,   1.37983,   2.29582,   2.16444,   2.18132,   2.27607,
127 ,          0, 0.0369746,  0.762884,   1.66834,   1.84541,     1.582,    1.9329,    2.6679,   2.28381,
128 ,          0, 0.0460519,  0.951253,  0.826998,   1.35375,   1.13246,  0.664324,   1.52861,   1.41959,
129 ,          0, 0.0426419,    1.4842,   1.65359,   1.56978,   1.49246,   1.78806,   1.45278,   1.80029,
130 ,          0,  0.590475,  0.786395,   0.68379,   1.49815,   2.30525,   2.10589,   2.11563,    2.6204,
131 ,          0,  0.415277,  0.491902,   0.74987,      1.31,   1.91428,   1.28198,   1.24841,   2.01955,
132 ,          0,  0.501135,   1.20126,   1.45195,   1.58242,   1.80675,   2.42662,   2.55532,   1.22829,
133 ,          0,  0.921065,   1.43444,    1.6367,   2.03144,   1.85665,   1.15467,   1.06189,   1.29728,
134 ,          0,  0.961057,   1.11629,   1.47343,   1.00197,  0.823784,  0.988873,   1.13088,   1.76202,
135 ,          0,  0.345935,  0.708294,   1.30537,    1.1251,   1.65571,   1.03373,    1.9541,   2.29067,
136 ,          0,  0.285328,    1.3254,    1.2319,  0.623489,   1.06289,   1.59312,   1.64235,   1.95689,
137 ,          0,  0.117949,  0.678955,  0.954727,   1.86486,   1.62684,  0.555516,   1.27927,   1.88224,
138 ,          0,   1.26088,    0.9289,  0.900123,   1.72988,   1.97554,   1.76217,   1.95717,   1.76092,
139 ,          0,   0.32178,  0.813637,  0.363448,  0.533285,    1.2749,   1.29401,   1.33122,   2.18286,
140 ,          0,  0.628173, 0.0616349,  0.257257,  0.249509,   1.32602,   1.86302,   1.84967,   2.07327,
141 ,          0,  0.290638,  0.229845,   1.17953,   1.59728,   1.55867,     2.033,   1.96574,   1.76251,
142 ,          0,  0.950786,   1.47972,   1.75527,  0.712166,   1.35912,   2.01136,   1.71545,   1.80852,
143 ,          0,  0.396814,  0.945199,   1.64738,   1.95714,    2.6208,   2.72796,   2.11559,   2.14862,
144 ,          0,   1.15751,   1.58885,   1.41559,   1.44805,   1.70569,   2.25289,  0.978855,  0.737291,
145 ,          0,  0.166602,  0.631562,   1.34874,   1.80253,   1.69773,   1.51364,   2.19862,   2.09421,
146 ,          0,  0.860772,   1.50286,    1.9954,   2.33503,   1.47968,   1.71334,   1.63667,   1.96654,
147 ,          0,  0.400804,    1.2235,   1.40486,   1.65312,   1.98479,   1.43169,   1.63021,   1.52448,
148 ,          0,  0.914293,  0.897434,   1.96035,   1.69921,   1.48801,   1.84832,   2.33849,   1.89774,
149 ,          0,  0.528422,  0.606022,   1.80357,  0.747334,   1.47875,    1.6114,   2.05941,   1.67449,
150 ,          0,     0.635,  0.579598,   0.31032,   1.73416,   2.18541,   2.09369,   1.83535,   1.92824,
151 ,          0,   0.81983,   1.71999,    1.3566,   1.78339,   2.11878,   2.06163,   1.53728,   1.61536,
152 ,          0,   1.16304,  0.956778,   1.53595,   1.19926,   1.23021,   1.47007,   1.71985,   1.50601,
153 ,          0,  0.756421,   1.13611,   1.68722,   2.01733,   1.44231,    1.9482,   1.94093,   1.97206,
154 ,          0,   1.24458,   1.01841,   1.22485,   1.39718,   1.21048,  0.547088,   1.24019,   1.61845,
155 ,          0,  0.748455,   1.41078,    1.3353,    0.6412,   1.43875,   1.05693,   1.47277,   1.49763,
156 ,          0,  0.834066,   1.81014,   1.53155,   1.43577,   1.29475,   1.43809,   1.65715,  0.444826,
157 ,          0,  0.617743,   1.25181,    1.6289,   2.02249,     1.706,   1.59926,   1.76428,   1.60916,
158 ,          0, 0.0755963,  0.674812,   1.51899,   2.04347,   2.01397,   2.11683,   2.49089,   1.90887,
159 ,          0,   1.45795,   1.78889,   1.49907,   1.44752,   2.57544,   2.36011,   1.80399,   2.12095,
160 ,          0,  0.678424,   1.17163,   1.28966,   1.96357,   2.11432,   2.39546,   2.03329,   2.43768,
161 ,          0,  0.785835,  0.472275,  0.942157,   1.15263,   1.51341,   1.05548,   1.71529,   1.42933,
162 ,          0,  0.743691,   1.93298,    2.3277,  0.777641,  0.855978,   1.13057,   1.50001,   1.41341,
163 ,          0,  0.680506,   1.82369,   1.89284,   1.46917,   2.20051,   1.81216,   2.23901,   1.42587,
164 ,          0,  0.363369,    1.0458,   1.42136,   1.74124,   1.88631,    1.4795,  0.979882,   1.65512,
165 ,          0,  0.256643,   1.21497,   2.42427,   1.56128,  0.923546,    1.5392,   2.01134,   1.06821,
166 ,          0,  0.538976,  0.448874,  0.274407,   1.51559,   1.47623,   1.88956,   1.40342,   0.92859,
167 ,          0,   1.11162,    1.5373,   1.73721,   2.11529,   2.30975,    2.6027,   2.53094,   2.38487,
168 ,          0,  0.853363,    1.3499,    2.0896,   1.53842,   2.14391,  0.856656,   1.14875,   1.45359,
169 ,          0,   1.27152,   1.01193,   1.40753,  0.295228,   1.09823,    1.2847,   1.33489,    1.1812,
170 ,          0,   1.09231,   1.78017,   2.47538,   2.82218,   2.47491,   1.81416,   2.25934,   2.32815,
171 ,          0,  0.835384,   1.78785,   1.45378,   1.26827,   2.05881,   1.99855,  0.484523,    1.1165,
172 ,          0,   0.93422,   1.48926,  0.871555,    1.1049,  0.829938,   1.01598,   1.14397,   1.84461,
173 ,          0,  0.392648,  0.863941,   1.12594,    1.6004,   1.21886,   2.05165,  0.706145,   1.19504,
174 ,          0,  0.666705,   1.23088,  0.783608,  0.742817,   1.61092,   1.65164,   1.43073,  0.594472,
175 ,          0,   1.19453,   1.83012,   2.08527,   2.52073,   2.76301,   1.72316,   1.01946,   1.76432,
176 ,          0,  0.565694,   1.10027,  0.879695,  0.927813,   1.07624,    1.5835,   1.95391,    1.8137,
177 ,          0,   1.32487,  0.715635,   1.08225,   1.62881,   1.35499,   1.58727,   2.05015,   2.37286,
178 ,          0,  0.629867,  0.490812,  0.879837,   1.18215,   1.76255,    2.4159,   2.11358,   2.09916,
179 ,          0,  0.712529,  0.873577,   1.67477,  0.415688,   0.91879,   1.16866,   1.94654,   1.91193,
180 ,          0,   1.21858,   1.68971,   2.24881,    2.0485,   2.12087,   2.25469,   2.76489,   2.82998,
181 ,          0,  0.393905,  0.693024,    1.3075,   1.50434,   1.55536,   1.89301,   2.44938,   1.53841,
182 ,          0,  0.891318,   1.29547,   1.58694,  0.833967,   1.44787,   1.53585,   1.50514,   2.23859,
183 ,          0,  0.646898,   1.19911,   1.31844,   1.66073,    1.9393,   1.36249,    1.9979,   2.41326,
184 ,          0,  0.230199,   0.52556,    1.9075,   1.77734,   1.64893,   1.53042,   1.06877,   1.69725,
185 ,          0,  0.354553,   1.60651,   2.15935,   1.69356,   1.15312,   1.41649,   1.88901,   1.43686,
186 ,          0,  0.273315,  0.827901,  0.914006,   1.60101,   1.04435,   1.25707,   1.80825,   2.19722,
187 ,          0,  0.118929, 0.0136726,  0.596174,  0.682601,  0.976296,   1.11926,   1.89816,   2.40257,
188 ,          0,  0.651381,   1.35835,   1.87887,   1.28644,   1.87087,   1.52152,   2.02536,     2.431,
189 ,          0,  0.776734,   1.55083,   1.33089,   2.03768,   1.79586,   2.05577,   2.03149,   2.16401,
190 ,          0,   1.37944,   2.02263,   1.74667,  0.576534,  0.715022,  0.700476,  0.919262,   1.71107,
191 ,          0,  0.860733,   1.30775,   1.95249,   2.18775,   1.88184,   1.96985,    2.1673,   2.86806,
192 ,          0,  0.795819,   1.70888,   1.67523,   1.37068,   1.86484,   1.91719,   1.25759,    1.8655,
193 ,          0,  0.422213,   1.71269,   1.19661,     1.153,   1.74513,   2.08054,   2.27931,   2.69134,
194 ,          0,  0.649488,   1.58176,   1.48962,   1.44433,   2.10275,   1.77329,   2.30559,   2.05245,
195 ,          0,0.00470448,   1.13562,   1.82088,   1.58698,   1.82139,   2.04054,   2.09618,   1.88917,
196 ,          0,   1.12914,   1.97355,   1.94384,   2.06539,   1.26781,  0.864197,   1.62281,   1.98709,
197 ,          0,  0.653738,   0.12509,   1.38756,   2.02104,   1.99374,   2.47263,   2.55758,   2.28796,
198 ,          0,  0.907334,   1.38497,   2.11134,   1.35359,   1.61725,   1.05051,   1.40123,   2.28769,
199 ,          0,  0.964381,   1.43914,   1.98962,   1.88437,   2.08914,   2.45598,   2.79281,   2.33673,
200 ,          0,  0.594896,   1.36103,   1.95138,   1.98193,   1.81769,   1.90111,   2.67784,   1.34482,
201 ,                    0,            0.648171,             1.09304,             1.43225,             1.56066,             1.70774,             1.73215,             1.79964,             1.82567,
Time Cost : 0.16178

Rate : 0.2

1 ,          0, 0.0134302,  0.500442,    1.1252,   1.05924,   1.70941,   1.69525,   1.25515,   1.52315,
2 ,          0,   0.14634,  0.608832,  0.340397,  0.935637,  0.985065,  0.683078,   1.44347,   1.61817,
3 ,          0,  0.584108,  0.619583,    1.0447,  0.609129,5.15948e-07,  0.718516,   1.08143,   1.53133,
4 ,          0,  0.807119,  0.453436,  0.754694,   1.28556,   1.46125,   1.31377, 0.0045296,  0.448056,
5 ,          0,  0.573416,   1.64685,  0.702769,  0.883596,  0.235043,  0.458534,  0.991346,   1.26599,
6 ,          0, 0.0197683, 0.0895502,  0.737188,   1.51509,    1.0384,    1.4599,   1.55987,   1.19362,
7 ,          0,  0.595972,  0.725749,   0.41838,  0.439415,  0.711595,  0.348305,   1.16626,    1.7386,
8 ,          0,         0,   0.61038,  0.361492,  0.856574,   1.28211,  0.913961,  0.978079,   1.35973,
9 ,          0,  0.430208,   1.05356,         0,  0.512237,  0.677046,  0.982194,   1.22163,  0.987161,
10 ,          0,  0.253175,   1.13689,   1.20992,   1.50051,   0.59784,   1.00931,   1.51617,   1.01236,
11 ,          0,  0.583153,  0.744112,   1.08352,    1.6802,   1.74595,  0.212039,   1.46965,    1.1195,
12 ,          0,  0.871038,   1.39288,   1.63449,   1.95827,  0.354667,   0.48275,   1.49874,   1.49013,
13 ,          0,  0.200435,   1.46869,   1.97163,   1.79941,   1.26949,   1.36115,   1.07418,   1.52265,
14 ,          0,  0.360724,  0.817336,   1.29211,   1.07057,   1.35224,  0.680622,   1.21908,   1.39765,
15 ,          0,-3.43965e-07,0.00944931,  0.541864,  0.873799, 0.0962631, 0.0451202,  0.548514, 0.0386955,
16 ,          0,  0.468303,    1.1931,  0.629755,  0.188298,  0.927776,    1.4722,   1.18411,   1.36607,
17 ,          0,  0.251568,  0.411277,  0.547305,   1.09338,   1.89677,   1.42708,  0.902259,  0.485881,
18 ,          0,  0.515927,  0.881482,  0.779795,  0.420815,   0.95724,  0.500248,  0.967724,  0.813382,
19 ,          0,  0.936632,    1.0984,  0.875697,  0.764689,    1.0786,   1.23035,    1.2212,    1.6185,
20 ,          0,  0.810145,  0.571536,  0.443171,  0.406065, 0.0519944,   0.60284,   1.01868,   1.12331,
21 ,          0,  0.724689,  0.879454,  0.713507,   1.36642,  0.867897,    1.2976,  0.217361, 0.0435512,
22 ,          0,   0.74733,  0.814007,   1.43396,   1.87604,   1.62345,   1.12196,  0.989609,     1.473,
23 ,          0,   1.23926,   1.37033,   1.46237,   1.27768,   1.14474,   1.10562,   1.44967,   1.45771,
24 ,          0,  0.560706,   1.27059,  0.305541, 0.0259718,    0.3403, 0.0481688,  0.665754,  0.539659,
25 ,          0,1.71983e-07,  0.266915,  0.459811,  0.467302,  0.344598,  0.665905,   1.30766,  0.289973,
26 ,          0,  0.819053,  0.798067,  0.406248,  0.670188,-3.43965e-07,  0.577519,  0.159974, 0.0580678,
27 ,          0,   0.35631,   1.17615,   1.36225,  0.891941,   1.35266,  0.352877,     1.544,   1.30879,
28 ,          0,  0.490028,  0.449054, 0.0666896,  0.621634,  0.884617,   1.17403,   1.35878,  0.765546,
29 ,          0,  0.497414,   1.51022,  0.601321,  0.467102,  0.684746,  0.868911,  0.594645,  0.464976,
30 ,          0,   1.06866,  0.908302,   1.22957,  0.832364,   1.54433,   0.41515,   1.35517,       1.3,
31 ,          0,  0.604112,  0.872133, 0.0131875,  0.403797,  0.535007,   1.16225,  0.575843,   1.60218,
32 ,          0,  0.795308,  0.980926, 0.0743376,  0.249748,0.00448761,  0.829317,  0.409691,  0.800397,
33 ,          0,  0.891211,   1.43804,   1.28814,   1.61121,  0.892281,  0.887908,   0.83692, 0.0727156,
34 ,          0,  0.730951,  0.958193,  0.706569,  0.282094,   1.23418,  0.508041,   0.55298,  0.618926,
35 ,          0,-6.87931e-07,   0.50172,  0.934418,   1.02058,   1.09296,   1.60435,   1.14639,   1.77827,
36 ,          0,  0.728799,  0.926023,   1.73056,   1.60315,   1.54264,   1.69825,   2.01655,   1.60913,
37 ,          0,  0.964733,  0.630217,   1.13836,  0.779269, 0.0918426, 0.0764622,  0.511582,   1.19059,
38 ,          0,  0.419039,  0.723579,  0.607464,   1.51415,   2.37468,  0.667126,  0.197786,   0.92329,
39 ,          0,  0.417826,   1.38126,  0.623974,  0.596882,   0.97995,  0.174573,  0.367918,  0.609421,
40 ,          0,1.71983e-07,  0.503069,   0.83977,  0.138272,  0.119657,  0.318248,    0.9858,   1.90143,
41 ,          0,-6.87931e-07,  0.553087,  0.338437,  0.790917,   1.56608,   1.03977,    1.5979,   1.31941,
42 ,          0,  0.560298,   1.45457,  0.976193,  0.460743,   1.09861,   1.16379,  0.921175,  0.913952,
43 ,          0, 0.0957988,   1.03068,  0.317433,  0.343115,  0.484146,   1.24967,   1.16833,   1.60674,
44 ,          0,  0.602303,   0.84905,  0.519804,  0.798119,   1.31154,   2.23814,  0.933161,  0.933736,
45 ,          0,  0.534076, 0.0156639,  0.746402,   0.74685,  0.513778,  0.987485,  0.879944,    1.0796,
46 ,          0,  0.423997,   1.16941,  0.340013,  0.834239,  0.613373,   1.07835,  0.169231,  0.650438,
47 ,          0, 0.0241233,    1.1103,   1.23928,   1.33241,   1.39583,   1.42927,   1.33217,  0.824094,
48 ,          0,0.00998221,  0.619464,    1.0965,   1.28009,   1.42005,    0.7508,  0.400614,   1.23858,
49 ,          0,  0.774938,  0.782317,  0.475301,  0.341757,  0.963955,  0.885389,  0.633885,   1.10583,
50 ,          0,  0.580096,   1.25119,   1.52799,  0.980636,   1.43263,   1.83579,   1.33404,   0.93499,
51 ,          0,  0.246282,  0.734069,  0.833368,   1.05551,  0.648256,  0.957217,   1.05145,  0.587204,
52 ,          0, 0.0362745,  0.249737,   1.00648,  0.643035,   1.03999,   1.06193,  0.866393,   1.14232,
53 ,          0,   0.68661,   1.47855,   1.62238,  0.212819,   0.92788,  0.269901,  0.681069,   1.20275,
54 ,          0,-3.43965e-07,-3.43965e-07,  0.633273,   1.37093,  0.868859,  0.386924,  0.464202,   0.38098,
55 ,          0,-3.43965e-07, 0.0301086,  0.828999,   1.03084,   1.73498,   1.37001,   1.47804,   1.29606,
56 ,          0,  0.248778,  0.532897,   1.29121,   1.00579,   1.21104,   2.04943,   1.68569,   1.56088,
57 ,          0,         0,  0.477849,  0.273564,  0.851639,  0.471603,   1.10933,  0.936622,  0.586233,
58 ,          0,  0.726167,   1.23748,    1.0931,    1.8508,   1.42873,  0.757539,  0.424475,   1.29209,
59 ,          0,  0.274973,  0.580599,  0.496118,  0.381548,   1.79766,  0.758932,   1.57012,   1.83813,
60 ,          0,  0.609379, 0.0572131, 0.0615066,  0.346698,   1.15362,   1.10297,  0.907343,   1.63937,
61 ,          0,  0.550606,  0.648962,  0.689931,  0.394794,  0.929117,  0.982304,  0.731727,   1.29653,
62 ,          0,         0,  0.783718,  0.745062,  0.999824,  0.973534,0.00939591,  0.159824,  0.982605,
63 ,          0,         0,  0.237352,  0.682161,   1.33756,  0.585714,  0.982857,   1.18694,  0.843996,
64 ,          0,  0.624247,   1.16681,  0.680839,         0,0.00309121,  0.585549,   1.24909,  0.761151,
65 ,          0,  0.397869,   1.00495,   1.92705,   1.42929,   1.50272,   2.04521,   0.75545,  0.848075,
66 ,          0, 0.0991788,   0.99283,  0.763407,  0.742956,    1.2224,   1.76489,   2.02555,   2.21483,
67 ,          0,  0.727826,   0.24582,  0.372783,  0.135417,  0.891189,   1.35622,   1.35522,  0.988005,
68 ,          0,  0.358204,  0.818042,  0.583197,  0.992695,  0.178529,  0.984481,   1.02583,  0.913344,
69 ,          0,  0.386874,  0.107518,   1.02219,   1.57542,  0.386541,  0.569209, 0.0653673,   1.09276,
70 ,          0,  0.399293,  0.571353,   1.35232,   1.61194,   1.64947,  0.814139,   1.05969,  0.228856,
71 ,          0,  0.239371,   0.77517,   1.28901,   1.02123,   1.12348,  0.354563,  0.926632,      1.43,
72 ,          0,  0.866571,   1.32532,   1.05772,  0.375002,  0.345444,  0.985906,  0.991235,   1.27201,
73 ,          0,  0.645913,         0,  0.852367,   1.15296,  0.938721,   1.31005,   1.86601,   1.47561,
74 ,          0,  0.812613,   0.96603,   1.03639,   1.49888,   1.55352,    1.5031,   1.23331,   1.50963,
75 ,          0, 0.0272033,0.000889214,  0.977298,  0.550366,  0.764295,   1.50247,  0.592422, 0.0386258,
76 ,          0,  0.446144,  0.996525,  0.652912,  0.930832,  0.583583,  0.423433,    0.5397, 0.0168476,
77 ,          0,3.43965e-07,  0.140392,  0.953125,   1.10318,  0.922096,  0.548627,   1.26876,  0.117487,
78 ,          0,         0,         0,  0.357722,  0.909823,  0.353446,  0.704188,   1.38273,   1.85458,
79 ,          0,  0.559889,  0.903179,  0.216593,  0.434046,  0.981526,  0.871533,   1.11317, 0.0608508,
80 ,          0,   1.17338,   0.68572,0.000126704,   1.08606,  0.604211,  0.649473,  0.388851,  0.486668,
81 ,          0,  0.159473,   1.11706,  0.796728,  0.125411,  0.734632,  0.844128,    1.4192,   1.40173,
82 ,          0,  0.693871,   1.25844,   1.60485,   1.01966,   1.05121,  0.962538,    1.4746,   1.72001,
83 ,          0,  0.310877,  0.773785,   1.64768,   1.51784,  0.815501,   1.23793,   1.10132,    1.0666,
84 ,          0,  0.726634,  0.684737,  0.613518,   1.40036,   2.07365,   1.34859,  0.617063, 0.0390678,
85 ,          0,   0.23902,   1.45033,  0.971279,  0.360817, 0.0425595,   0.14748,  0.905602,   1.19981,
86 ,          0,   0.89744,   1.42903,   1.53452,  0.261341,  0.572198,   1.45703,  0.307106,  0.378972,
87 ,          0,         0,  0.930066,         0,  0.360664,  0.505441,  0.250754,  0.790079,  0.469911,
88 ,          0,  0.838405,   1.38588,   1.55189,   1.61098,   2.29077,   1.29218,   2.10338,   2.04518,
89 ,          0,-3.43965e-07,  0.980783,  0.972132,   1.21172,  0.963202,  0.136838,  0.894158,   1.13503,
90 ,          0,   0.80017,   1.40627,  0.875867,  0.657051,   1.44574,   1.64017,   2.11425,   1.80163,
91 ,          0,  0.570671,   1.39531,   1.72397,   2.16356,   2.43379,   1.68378,   1.22669,  0.857176,
92 ,          0,  0.480873,  0.215906,  0.545559,  0.832879,   1.20626,   1.28639,   1.05562,  0.594488,
93 ,          0,   1.15331,   1.50108,  0.829978,   1.18117,  0.904513,  0.292968,    1.4202,  0.520158,
94 ,          0,  0.143455,  0.952569,  0.362582,   0.79119,   0.55303,  0.959913,   1.14029, 0.0756015,
95 ,          0,  0.641341,   0.63705,  0.784909,  0.623875,  0.353607,  0.801013,  0.982066,  0.376422,
96 ,          0,  0.542046, 0.0260202, 0.0192986,  0.641733,  0.634439,   1.16977,    1.5624,   1.66116,
97 ,          0,  0.338899,  0.150281,  0.922645,   0.69531,  0.837369,  0.066497,  0.982767,  0.704828,
98 ,          0,  0.617751,  0.906355,   0.36375,-3.43965e-07,  0.643707,    1.0487,   1.52621,  0.897246,
99 ,          0,  0.308547,  0.491763,  0.503785,   1.15736,   1.19638,  0.834882,   1.19613,   1.72598,
100 ,          0,  0.834644,  0.682718,   1.46915,  0.942501,  0.311399,    1.0378,   1.31218,  0.660248,
101 ,          0,  0.802187,   1.65677,  0.851013,  0.748679,  0.433386,   1.05303,   1.17813,   0.10176,
102 ,          0,  0.446958,   1.45777,    2.0705,    1.2672,  0.679109,   1.05885,   1.40002,  0.982508,
103 ,          0,  0.513377,  0.413748,  0.786586,   1.19326,   1.38908,   1.53345,   1.65732,  0.738279,
104 ,          0,  0.176946,  0.665525,  0.477907,  0.974846,   1.48085,   1.80934,   1.69726,   2.10459,
105 ,          0,  0.171014,    1.0013,  0.765751,  0.620074,  0.758151,   1.50117,   1.81244,   1.34643,
106 ,          0,  0.248061,  0.719174,  0.305823,   1.10942,   2.23657,   1.26071,   1.32811,   1.96053,
107 ,          0,  0.938166,   1.09708,   2.01574,   1.00306,   1.08818,   1.19106,   1.39005,  0.685357,
108 ,          0,  0.537662,    1.2923,   1.23645,   1.18225,   1.77115,   2.43754,   0.96572,   1.02764,
109 ,          0,   1.28379,   1.73727,    1.3615,  0.273741,  0.165787, 0.0113777,   0.64588,   0.32057,
110 ,          0,-3.43965e-07,  0.820912,   0.80497,1.71983e-07,  0.754698,         0,   0.81898,  0.605061,
111 ,          0, 0.0853622,  0.404956,   1.10767,    1.0104,  0.675394,  0.303971,     1.116,   1.26322,
112 ,          0,  0.624744,   0.84673,   1.41829,   1.85153,   0.98739,   1.31572,   1.44159,   1.46918,
113 ,          0,  0.579437,  0.908353,   1.21294,  0.553723,   1.21553,   1.63822,   1.51065,  0.966578,
114 ,          0,  0.677583,   1.23661,    1.4282,  0.715471, 0.0639243,  0.650093,   1.52133,  0.826602,
115 ,          0,  0.412264,  0.886989,  0.738975,    0.7195,  0.359608,   0.21635,   1.04905, 0.0740339,
116 ,          0,   0.10832,  0.587694,  0.999673,  0.835198,  0.828222,   0.93311,   1.27929,   1.26209,
117 ,          0,  0.344996,   0.85169,   1.48246,   1.56988,   1.46676,  0.632964,  0.606766,   0.51988,
118 ,          0,   1.50893,   1.97182,  0.985909,   0.73548,  0.719278,  0.815637,  0.888912,   0.67325,
119 ,          0,  0.073662,  0.575409,  0.254452,  0.869035,  0.855297,  0.541123,   1.20379,   1.18365,
120 ,          0,  0.110842,  0.759818,   1.28203,   1.37061,  0.531307,   1.28261,  0.399277,  0.516653,
121 ,          0,  0.631925,  0.684782,    1.2847,   1.40267,   1.48403,   1.33398,  0.888069,   1.09088,
122 ,          0,  0.204793,  0.394311,  0.152953,  0.264821,   1.19091,  0.810753,  0.738439,   1.32941,
123 ,          0,  0.178106,  0.535163,  0.587384,    1.1921,  0.773014,  0.676792,   1.57395,  0.924799,
124 ,          0,   0.24085,  0.731917,   0.98443,   1.86776,  0.924856,  0.370035,  0.440383,  0.839853,
125 ,          0,  0.702107,   1.64335,  0.937152,   1.15122,  0.448246,   1.06334,   1.40773,  0.764506,
126 ,          0,3.43965e-07, 0.0884848,  0.327673,         0,  0.144215,  0.201774,  0.635176,  0.831758,
127 ,          0,  0.771111,   1.03875,  0.330332,    1.0345,   1.15949,  0.428351,  0.948363,   1.62157,
128 ,          0,   0.60569,  0.965652,    1.3225,  0.841215,  0.806304,  0.386072,  0.406403,  0.446275,
129 ,          0,  0.359944,   1.15224,  0.521359,  0.666738,  0.696139,   1.11172,   1.45557,   1.00031,
130 ,          0,   1.13552,  0.572017,  0.645715,  0.841078, 0.0138727,  0.253616,  0.479927,  0.934211,
131 ,          0,   0.81604,  0.133338,   1.13344,  0.595554,   1.04713,   0.46429, 0.0971583,    0.4281,
132 ,          0, 0.0134587,   0.68385,  0.729249,  0.600449,  0.923677,   1.09699,  0.932254,   1.22617,
133 ,          0,  0.127554,  0.192203, 0.0140257,   0.64379,   1.13926,   1.17151,   1.14973,    1.3479,
134 ,          0,  0.526599,  0.827071,  0.199503, 0.0921845,  0.315211,   1.05945,   1.44302,   1.39634,
135 ,          0,  0.139769,    0.3832,   1.08077,3.43965e-07,  0.133812,  0.567483,  0.792542,   1.81106,
136 ,          0,  0.579512,   1.28053,   1.62238,   1.68019,   1.95065,   2.07906,  0.780197,   1.19449,
137 ,          0,  0.146454,  0.876251,  0.202779,  0.350032,  0.882774,   1.19488,  0.630409,   1.02441,
138 ,          0,  0.591639,  0.833234,  0.356247,   1.36715,   1.41176,  0.204228, 0.0957783,  0.405408,
139 ,          0,  0.671102,  0.992314,   0.83625,   1.05349,  0.696547,  0.992073,   1.36885,   1.28895,
140 ,          0,   0.63193, 0.0317757, 0.0215275,  0.381692,  0.167913,   1.21764,  0.580332,  0.977684,
141 ,          0,  0.722974,  0.878118,   1.58685,   1.71171,   1.28237,    1.9316,   1.77372,   1.30108,
142 ,          0,  0.423381,   1.17541,  0.741423,  0.881585,  0.718516,   1.39497,   1.28204,  0.231888,
143 ,          0,  0.408549,  0.936449,  0.454193,   1.09817,  0.768301,   1.28735,  0.677242,   1.75546,
144 ,          0,  0.714038,  0.290852,    1.4352,   2.02553,   1.77913,   1.38058,  0.867319,  0.282274,
145 ,          0,  0.865771,   1.06137,   1.52031,   1.47414,   1.28976,   1.29884,   1.51065,    1.6798,
146 ,          0,  0.356709,   0.48456,  0.685275,  0.731612,   1.02191,   1.59878,  0.982257,  0.680196,
147 ,          0,  0.755662,  0.480795,   1.00831,   0.52068,   1.03152,  0.972933,   1.22081,    1.5662,
148 ,          0, 0.0220038,  0.299973,  0.730413,  0.620039,   1.03025,   1.74181,   1.76827,  0.181872,
149 ,          0,  0.293394,   1.01082,  0.602737,   1.32982,   1.11837,   1.05546,   1.53051,  0.644957,
150 ,          0,  0.551176,   1.08757,   1.08443,  0.862745,  0.679879,  0.269255,  0.936685,   1.04313,
151 ,          0,  0.670589,  0.950386,   0.89733,   0.90306,  0.719171,   1.46416,   1.44328,  0.612342,
152 ,          0,  0.583186, 0.0309891,  0.904403,   1.54441,   1.94612, 0.0425848,  0.695779,  0.450756,
153 ,          0,  0.179545,0.00415922,  0.459811,    1.0081,   1.40033,  0.261972,  0.149283,  0.213438,
154 ,          0,  0.520542,   1.68742,   2.08049,  0.356716,  0.419843,   1.18886,  0.914905,  0.406061,
155 ,          0,  0.730571,  0.899616,  0.740914,   1.33829,  0.910617,  0.257634,   1.16694,   1.94153,
156 ,          0,  0.982013,   1.18457,  0.487175,  0.197715,  0.780165,    1.3484,  0.605743,    1.4386,
157 ,          0,  0.262258,  0.352924,  0.240001,  0.737599,   1.35532,    1.5365,    1.9432,   2.56475,
158 ,          0,  0.384912,0.00804702,  0.566218,   1.11558,   1.84813,   1.24472,   1.33168,   1.13691,
159 ,          0,  0.637372,  0.875544,  0.897564,   1.48027,   1.43252,  0.826826,  0.803071,  0.165712,
160 ,          0,  0.441982,  0.775457,    1.0183,  0.976194,  0.280803,  0.291937,   1.06391,   1.35218,
161 ,          0,  0.453838,   1.11538,   1.07774,  0.582646,  0.794306,  0.836718,  0.897704,  0.856214,
162 ,          0,         0,   1.45974,   1.11156,   1.15091,  0.904613,  0.861452,   1.23128,   1.59243,
163 ,          0, 0.0671938,   1.40873,   1.22095,   1.01562,   1.61237,   1.50644,   1.17718,   2.00014,
164 ,          0,  0.753987,  0.786186,    1.5732,   1.35072,   2.00635,   1.80067,   1.24776,  0.641041,
165 ,          0,  0.653131,   1.11248,  0.293925,  0.971208,   1.14351,   1.27638,   2.09599,   1.94413,
166 ,          0,  0.944751,   1.38104,  0.762046,  0.357521, 0.0892183,  0.755596,   1.75513,    1.4906,
167 ,          0,  0.813708,  0.343473,  0.297153,  0.171953,   0.10359,   1.33615,   1.22133,   1.44584,
168 ,          0,         0,5.15948e-07,   1.18604,   1.61139,  0.388416,  0.738503,   1.27926,  0.656536,
169 ,          0,  0.485743,  0.508305,   0.75941,  0.520496,  0.490486,  0.875912,   1.36933,         0,
170 ,          0,  0.203472,   1.22193,   1.60089,  0.893811,   1.28551,   1.39421,  0.737427,  0.207753,
171 ,          0,  0.421576,  0.169322,  0.912086,   1.11526,   1.63284,  0.748115,   1.20448,  0.641245,
172 ,          0,  0.343108,  0.732303,  0.782314,  0.990409,   1.26296,   1.05164,   1.50293,   1.96379,
173 ,          0,  0.634757,  0.961318,  0.135482,  0.140691,  0.677879,   1.51333,   0.70624,   1.93867,
174 ,          0,  0.740607,  0.565317,   1.20549,  0.223836,  0.301645,  0.761286,  0.377503,  0.894968,
175 ,          0,   1.00324,  0.755731,  0.911759,  0.767174,    1.3341,   0.82283,  0.641243,   1.50262,
176 ,          0,  0.204645,  0.648186, 0.0102146,0.000500618,  0.432855, 0.0706742,   1.03197,  0.151435,
177 ,          0,  0.130383,  0.383886,  0.897478,  0.994869,   1.42869,   1.46147,   1.95403,   1.83993,
178 ,          0,  0.203506,  0.865017,   1.14804,  0.963587,   1.35517,   2.30456,    2.5637,  0.560706,
179 ,          0,   1.06965,  0.778846,  0.904454,  0.745163,  0.628277,  0.821364,   1.25174,   1.24054,
180 ,          0,  0.425212,  0.185415,  0.172394,  0.749021,  0.752804,   1.21923,   1.09604,  0.957745,
181 ,          0,  0.997188,   0.82419,  0.133212,  0.796973,   1.39015,   1.11972,  0.160465,  0.208775,
182 ,          0,  0.485031,  0.791053,  0.837799,   1.14568,   0.83223,  0.872855,    1.9858,    1.6332,
183 ,          0,   0.70209,  0.928392,   1.67504,   1.15837,   1.75837,   1.94698,   1.90306,  0.905853,
184 ,          0,-3.43965e-07,  0.858289,  0.599822,  0.220358,  0.111068,  0.393408,   0.74034,   1.42762,
185 ,          0,  0.924786,   1.22747,  0.775551,   1.67356,   1.47668,  0.513163,  0.542049,  0.216154,
186 ,          0,  0.217571,  0.271535,  0.238325,   1.20357,  0.995449,   1.11132,   1.87916,  0.693948,
187 ,          0,  0.191271,   1.18184,  0.492658,  0.929894,  0.796043,   1.05117,   1.17234,   1.49424,
188 ,          0,1.71983e-07,  0.734587,   0.78259,   1.52635,   1.31993,   2.08575,    1.7894,   1.11565,
189 ,          0,   1.21384,  0.989433,   1.25034,   1.15709,  0.864928,  0.888254,   1.64931,   1.42409,
190 ,          0,6.8793e-07,  0.307496,   1.11366,  0.688253,  0.473696,   1.12003,  0.604099,  0.652327,
191 ,          0,  0.906198,  0.754732,  0.862773,  0.283379,  0.100838,  0.451783,  0.824909,  0.617392,
192 ,          0, 0.0241238,     1.013,  0.989992,  0.631876,  0.491898,  0.974011,   1.33466,  0.131335,
193 ,          0,  0.825977,   1.54325,   1.50328,  0.323044,  0.203775,   1.31681,  0.591624,   1.36787,
194 ,          0, 0.0159491,  0.665077, 0.0597813,  0.900057,   1.60759,  0.861642,  0.680907,   1.33793,
195 ,          0,  0.619864,   1.24924,    1.7451,   1.41669,  0.681582,   0.73847,  0.919973,  0.935036,
196 ,          0, 0.0177997,  0.486492,  0.777754,   0.62747,   1.22273,  0.186356,   1.15534,   1.09822,
197 ,          0,  0.520786,  0.870711,   0.38368,   0.77003,   1.00363,  0.872397,   1.72033,    1.0938,
198 ,          0,  0.777781,  0.442516,  0.797787,   1.24589,   1.10499,  0.639004,   1.40578,   1.03524,
199 ,          0,  0.792823,  0.500369,   1.18821,   1.26231,  0.763924,  0.764024,  0.636009,  0.980321,
200 ,          0,  0.749468,    1.2493,   1.96557,   1.75202,   1.80639,   1.61475,  0.871277,   0.57544,
201 ,                    0,            0.471418,            0.800155,            0.853349,             0.89809,            0.942212,            0.107812,             1.07191,             1.01495,
Time Cost : 0.17073



Total Time Cost : 0.460826