Nqubit : 6

Rate : 0.1

1 ,          0,   1.45572,   2.04026,    1.3105,   1.10941,   1.53949,  0.729111,
2 ,          0,  0.627281,   1.39321,   1.58668,   1.42654,   1.90503,   1.49523,
3 ,          0,  0.622242,   1.36985,   1.08144,   1.04348,   1.28635,   1.71609,
4 ,          0,  0.911593,   1.69352,   1.69803,   1.32504,   1.18826,   1.11134,
5 ,          0,1.71983e-07,   1.14241,   1.50723,    1.6735,   1.22678,   1.85861,
6 ,          0,  0.921499,   1.00053,   1.34719,   1.47294,   1.40935,     1.878,
7 ,          0,  0.826824,  0.851826,   1.42975,   1.70563,   2.25147,   2.32888,
8 ,          0,  0.570061,  0.456687,  0.727623,   1.11897,   1.34049,   2.04996,
9 ,          0,   1.08624,   1.51124,   1.36837,  0.811824,  0.734983,    1.4581,
10 ,          0,  0.554438,    1.2357,   1.74686,   2.11719,    2.0754,   1.28973,
11 ,          0,  0.727948,   1.52832,   1.09992,   1.15812,   1.53964,   1.55365,
12 ,          0,  0.992846,   1.76013,   2.10899,    2.2395,   1.56428,   1.27478,
13 ,          0,  0.121057,   0.65123,  0.673702,   0.53721, 0.0852707,  0.955414,
14 ,          0,   1.02759,   1.69074,   2.10522,   1.68332,   2.05042,   1.62124,
15 ,          0,    1.1699,   1.51239,   1.61673,   1.29512,   1.34706,   1.26789,
16 ,          0,  0.785227,  0.596545,   1.13703,   1.48827,   1.15265,   1.42951,
17 ,          0,    1.2396,   1.55394,  0.898638,   1.91852,   2.04721,   2.13091,
18 ,          0,  0.484295,  0.887589,   1.42806,   1.25018,   1.81937,   1.22428,
19 ,          0,  0.782264,  0.383603,   1.13605,  0.796982,   1.58432,   1.79908,
20 ,          0,  0.828801,  0.969577,   1.10216,   1.02983,   1.71304,  0.914511,
21 ,          0,   0.59396,   1.08142,   1.39339,   1.21361,   1.74302,         0,
22 ,          0,  0.446056,   1.49309,   1.62076,   1.69554,   1.69577,   1.81566,
23 ,          0, 0.0625604,   1.12541,   1.52675,   1.14958,   1.84282,   2.19169,
24 ,          0,0.00905516,  0.610219,  0.696274,   1.45628,   1.47241,   1.94102,
25 ,          0,  0.381966,  0.899394,  0.599122,   1.33366,   1.93216,   2.22901,
26 ,          0,  0.842387,  0.985347,   1.69998,   1.98773,   1.48389,   1.46474,
27 ,          0,   1.08802,  0.151732,  0.926161,  0.711908,   0.72919,   1.45147,
28 ,          0,  0.732364,   1.03979,   1.11876,   1.07031,   1.20795,   1.39399,
29 ,          0,  0.685141,   1.34137,   1.95489,   1.30436,   1.63726,   1.22718,
30 ,          0, 0.0372207,   1.12773,   1.17909,   1.33113,   1.99255,    2.1152,
31 ,          0,   1.50809,   1.68536,    1.5494,   1.76629,   1.96354,   2.29219,
32 ,          0,  0.915303,   1.48727,   2.02392,   2.24716,   2.39621,   2.36738,
33 ,          0,    1.2595,   1.44723,   1.64727,   1.32877,   1.70887,   1.51932,
34 ,          0,  0.874568,   1.50465,  0.816929,   1.50604,   1.89379,  0.972341,
35 ,          0,    0.4478,   1.60641,   1.72312,   1.51451,   1.19354,   1.67773,
36 ,          0,   0.77999,   1.34548,    1.3717,  0.810783,   1.37901,   1.50912,
37 ,          0,  0.589616,   1.21814,  0.850686,   1.72877,   1.57796,   1.53568,
38 ,          0,  0.661692,    1.3358,   1.75179,   1.93787,   2.11136,    1.5719,
39 ,          0,  0.673249,  0.942044,    1.1065,   1.39257,   1.23421,   1.22115,
40 ,          0,  0.860367,  0.852111,   1.05125,   1.60373,   1.85999,   1.33646,
41 ,          0,   0.63693,   1.27414,   1.85129,   1.53776,   1.92932,   1.96021,
42 ,          0,   1.12112,   1.45965,   2.04632,   1.55266,   1.95827,  0.968281,
43 ,          0,    0.9266,    1.2343,   1.45306,  0.538667,   1.24522,   1.55886,
44 ,          0,  0.594116,   1.31598,  0.577577,  0.744733,   1.82896,   1.32204,
45 ,          0,6.8793e-07,  0.695693,   1.29643,  0.213175,  0.691968,   1.07501,
46 ,          0,  0.657788,   0.23627,  0.956609,  0.514097,    1.1818,  0.902373,
47 ,          0,   1.00222,  0.946998,    1.1207,   1.18896,   1.66033,    1.9694,
48 ,          0,  0.910769,   1.38697,  0.613136,   1.15699,   1.03521,   1.67172,
49 ,          0,  0.447052,  0.799835,  0.575854,   1.51052,  0.997112,   1.25279,
50 ,          0,   0.42192,   1.17005,   1.69552,  0.805059,   1.43548,   1.36946,
51 ,          0,  0.764712,    1.2466,   1.48395,   1.60872,   1.61076,   1.77495,
52 ,          0, 0.0509468,  0.939316,  0.511116,  0.678225,   1.01967,   1.83083,
53 ,          0,  0.474434,    1.2185,   2.11488,   2.36578,   2.25976,   1.54253,
54 ,          0,  0.690376,  0.955106,   1.25161,   1.30808,   1.81501,   1.95793,
55 ,          0,         0,  0.339116,  0.128421,   1.16023,   1.13382,   1.05184,
56 ,          0,  0.337128,   1.18585,   1.11607,  0.963876,   0.86598,  0.574116,
57 ,          0,  0.650929,  0.986265,   1.09306,   1.17296,   1.65469,   1.03917,
58 ,          0,  0.787408,   0.72732,  0.936008,   1.28797,   1.95517,   2.22201,
59 ,          0,   1.04069,   1.30861,   1.91718,  0.934727,  0.716988,   1.09125,
60 ,          0,  0.245169,   0.97793,   1.59756,   1.89283,   1.41156,   0.67876,
61 ,          0,  0.813187,   1.36508,   1.40892,   1.67954,  0.824376,   1.02801,
62 ,          0,   1.50101,  0.606284,  0.780868,    1.5318,   1.94511,  0.658903,
63 ,          0,   1.21009,   1.29791,   1.57681,    1.6625,   1.18604,   1.50383,
64 ,          0,  0.759789,  0.488468,   1.05356,    1.6216,    1.5407,   1.85344,
65 ,          0,  0.984699,   1.20896,  0.895776,   1.35704,   1.98433,   1.52152,
66 ,          0,    1.3642,   1.69419,   2.16089,   2.28476,   1.73558,   2.10269,
67 ,          0,  0.812387,  0.554448,   0.82234,   1.04692,    1.0031,   0.64085,
68 ,          0, 0.0481162,  0.702726,   1.12697,   1.76078,   1.33928,   1.50475,
69 ,          0,  0.777805,   1.11508,  0.944009,   1.21822,  0.975067,   1.36879,
70 ,          0,  0.898349,   1.23763,  0.745289,   1.91787,  0.925467,  0.969249,
71 ,          0,  0.593114,  0.735298,    1.3623,  0.965259,   1.53674,   2.11664,
72 ,          0,  0.892573,   1.73271,   1.88093,   1.15208,    1.8384,   1.58292,
73 ,          0,  0.844908,   1.47071,   1.86307,  0.972827,   1.27246,   1.83881,
74 ,          0,  0.656017,   1.21797,   1.48305,   1.79501,   1.34533,   1.04263,
75 ,          0,  0.745535,  0.539049,  0.749406,   0.75523,   1.59869,   1.51824,
76 ,          0,  0.847463,    1.2594,   1.42175,  0.805262,   1.28478,   1.58921,
77 ,          0,   1.34665,   1.71731,   1.50657,   1.19173,  0.988931,  0.916726,
78 ,          0,  0.233481,   0.91449,  0.960162,   1.31792,   1.48153,   1.65038,
79 ,          0,  0.940235,   1.44193,   1.14687,  0.526081,   1.18699,   1.85967,
80 ,          0,  0.256656,  0.366338,   1.43011,    1.8803,   1.21536,   1.23511,
81 ,          0,  0.387156,   1.55626,   1.32541,   1.30211,   1.33182,   1.74502,
82 ,          0,   0.86691,  0.971509,   1.40958,   1.94035,   1.89737,   1.79218,
83 ,          0,    0.1892,   1.01683,   0.92944,   1.29535,   1.26653,   1.09555,
84 ,          0,  0.689654,  0.487429,   1.64653,   1.95638,   2.17718,   2.22995,
85 ,          0,  0.715861,  0.682629,   1.37763,   1.19447,    1.6255,    0.7774,
86 ,          0,  0.893457,   1.27021,   1.16932,  0.806797,   1.25802,   1.06464,
87 ,          0,   1.21622,   1.86187,   1.46052,   2.21873,   2.29712,   1.79874,
88 ,          0,  0.360732,  0.129143,   1.39603,   1.33514,   1.64441,   1.20174,
89 ,          0,  0.933308,   1.32125,   1.28799,   1.77915,   1.66846,   1.02732,
90 ,          0,  0.315853,    1.0652,   1.31637,   1.03631,   1.68554,   1.39514,
91 ,          0,  0.772461,   1.24426,   1.21453,   1.83921,   2.07535,   2.17221,
92 ,          0,  0.610659,   1.41561,   1.64381,   2.11743,   2.30688,   2.37158,
93 ,          0,   1.19762,    2.0671,    1.2382,   1.21554,   1.17118,  0.532267,
94 ,          0,  0.350626,   1.21305,    1.7122,   1.36716,   1.86008,   2.05342,
95 ,          0,  0.496004,   1.35052,   1.10564,   1.60012,   2.01918,   1.55954,
96 ,          0,  0.868984,   1.02275,   1.80794,  0.636711,    1.3664,   1.90714,
97 ,          0,   0.65878,  0.843163,   1.56011,   1.63199,   1.20403,  0.741376,
98 ,          0,  0.354132,  0.548316,   1.73652,   1.50605,   1.51339,   1.16892,
99 ,          0,  0.525853,  0.786327,     0.897,   1.32843,   1.77881,   1.34315,
100 ,          0,  0.750631,    1.2927,   1.45685,   1.83196,   1.98118,   1.09621,
101 ,                    0,             0.70625,             1.11726,             1.31066,              1.3681,              1.5266,             1.47309,
Time Cost : 0.029621

Rate : 0.2

1 ,          0,  0.788488,  0.822061,  0.469207,   1.00377,  0.689146,  0.772659,
2 ,          0,   0.79213,   0.38816,  0.316845,   1.31713,   1.36013,  0.774485,
3 ,          0,  0.737759,   1.12369,  0.573825,  0.418401,   0.92624,  0.883988,
4 ,          0,  0.361535,   1.04149,   1.22828,    1.0776,   1.01468,  0.500744,
5 ,          0,1.71983e-07,  0.847108,  0.526125,  0.725814,   1.18423,   1.88037,
6 ,          0,  0.332972,  0.018637,   1.00659,  0.853817,    1.5068,   1.25451,
7 ,          0,  0.572366,   1.29001,         0,  0.775677,  0.282217,  0.836425,
8 ,          0,  0.243089,  0.466533,  0.701674,   1.36527,  0.782795,   1.04453,
9 ,          0,  0.374556,   1.39608,  0.992648,    1.5528,   0.95342,  0.184507,
10 ,          0,  0.857546,   1.19366,  0.327614,   1.00674,   1.29236,   1.74389,
11 ,          0,  0.215754,  0.891028,   1.27474,   1.34147,   1.32108,  0.848655,
12 ,          0,  0.327036, 0.0283583, 0.0725981,  0.203312,  0.429234,  0.859544,
13 ,          0,   1.32472,  0.700129, 0.0881157,   0.63351,   0.71319,    1.2485,
14 ,          0,  0.679753,  0.882156,   1.09422,   1.09682,   1.17476,    1.5579,
15 ,          0,  0.944346,   1.52061,    1.4478,   0.68626,  0.594402,    1.3356,
16 ,          0,3.43965e-07,  0.685765,   1.00383,  0.730107,   1.00167,   1.07421,
17 ,          0,  0.711149,   1.47044,  0.971849,   1.08567,  0.753742,   1.89841,
18 ,          0, 0.0553931,  0.532803,  0.828756,   1.53647,    1.2779,   1.37056,
19 ,          0,1.71983e-07,  0.794228,  0.909093,  0.241778,  0.918012,  0.130638,
20 ,          0,  0.798292,  0.803612,   1.40182,  0.858219,    1.2702,   1.11958,
21 ,          0,  0.541623,  0.833174,  0.691782,  0.738884,   1.17202,   1.38728,
22 ,          0,  0.936771,   1.04588,  0.540887,  0.769699,   1.51189,   1.26552,
23 ,          0,-3.43965e-07,  0.920682,   1.49427,  0.551646,   1.04771,   1.10966,
24 ,          0,  0.196968,  0.135845,0.00294996,0.000813448,-3.43965e-07,  0.662347,
25 ,          0,   1.26075,   1.96865,   1.46131,  0.810581,   1.20702,   1.10869,
26 ,          0,         0,  0.810262,   1.23123,   1.66571,   1.70436,  0.370214,
27 ,          0,  0.953016,  0.932367,  0.189911,  0.834151,    0.7125,   1.19515,
28 ,          0,  0.926764,  0.466435,  0.935584, 0.0271545, 0.0423685,  0.486497,
29 ,          0,  0.628073,   1.05047,   1.10214,   1.45229,  0.779073,   1.02553,
30 ,          0,  0.241105,  0.345472,  0.802053,  0.960643,  0.928559,   1.20852,
31 ,          0,  0.531355, 0.0699943, 0.0426223,0.00117991,    1.2635,   1.35851,
32 ,          0,  0.509824,  0.635632,  0.129967, 0.0620485, 0.0332439,  0.014747,
33 ,          0,  0.500217, 0.0560376, 0.0313618,  0.636994,  0.531162,  0.242336,
34 ,          0,  0.816953,    1.2583,   1.44519,  0.466496,  0.274176,   1.13171,
35 ,          0,  0.912366,   1.25427,  0.751906,   1.37557,   1.51909,   1.04101,
36 ,          0,  0.781561,   1.14953,  0.631845,  0.505918,  0.795341,   1.04812,
37 ,          0,  0.157774,  0.582992,   1.19988,   0.42228,  0.791341,         0,
38 ,          0,1.71983e-07,  0.707672,   1.21964,  0.611248,  0.614286,    1.4837,
39 ,          0,  0.855391,  0.386221, 0.0794297,   1.02104,  0.892178,  0.659462,
40 ,          0,  0.670459,   1.24579,   1.80534,   1.62194,  0.060658,         0,
41 ,          0,  0.792905,  0.814501,  0.862226,  0.742708,  0.728897,   1.06042,
42 ,          0,  0.791401,   1.07403,   1.62864,   1.54238,   1.52481,  0.744953,
43 ,          0,  0.702946,  0.453689,   1.01585,   1.48727,  0.449882,  0.525081,
44 ,          0,  0.225611,   1.13805,    1.4332,   1.59395,  0.311258,   1.10206,
45 ,          0,  0.813469, 0.0679218,    0.2119,  0.164632,   1.26328,   1.40244,
46 ,          0,         0,0.00030341,   1.61785,   1.88768,  0.709333,  0.969231,
47 ,          0,  0.350676,  0.368112,  0.994701,   0.68765,  0.572809,  0.237709,
48 ,          0,1.71983e-07,  0.107944,   1.54327,   0.95848,  0.609847,   1.26154,
49 ,          0,  0.503415,  0.366863, 0.0879563,  0.885541,   1.75818,   1.41953,
50 ,          0,  0.546478,  0.484636, 0.0905134,0.00149072,  0.896069,   1.09584,
51 ,          0,  0.795071,  0.746299,  0.506763,    1.5059,   1.46696,   1.85531,
52 ,          0,   0.97011,  0.394469,  0.502514,   1.05272,  0.990523,   1.14991,
53 ,          0,  0.914601,   1.31151,  0.871688,  0.581174,   1.61249,  0.969436,
54 ,          0,  0.578029,  0.152004,   0.86717,   1.15226,   1.66823,   2.22025,
55 ,          0,  0.882849,  0.638804,    1.0196,   1.31551,    1.7827,  0.779764,
56 ,          0,  0.189174,  0.397495,   0.66633,  0.893937,   1.03203,   1.17193,
57 ,          0,   0.10473,  0.391223,  0.106421,    0.2985, 0.0845797,  0.560132,
58 ,          0,0.00392289,   0.91683,  0.896065,  0.785386,   1.23488,  0.948361,
59 ,          0,  0.500236,  0.634001,  0.926877,  0.459137,    1.0507,  0.112587,
60 ,          0,  0.953531,   1.31094,    1.2698,  0.042976,  0.033065,  0.223348,
61 ,          0,  0.348886,  0.740925,  0.795168,   0.13317,   1.03524,   1.02838,
62 ,          0,   1.00074,    1.4789,   2.00089,   1.57611,   1.21931,   1.30577,
63 ,          0,         0,  0.649632,   1.07299,   1.57591,   1.23414,   1.91005,
64 ,          0,3.43965e-07,  0.763738,  0.988352,   1.62304,   1.62591,   1.83414,
65 ,          0,1.71983e-07,  0.855394,  0.869813,   1.50389,   1.35258,  0.742924,
66 ,          0,  0.914494,  0.160067,  0.724885,    1.0966,   2.03453,   0.76135,
67 ,          0,  0.866983,  0.245835,  0.274836,   0.36038,   0.78426,  0.299517,
68 ,          0,  0.401804,  0.109921,  0.494886,  0.822567,  0.987084,   1.46019,
69 ,          0,  0.274701,  0.112058,  0.708115,   1.31953,  0.599061,  0.894216,
70 ,          0, 0.0889407,0.00133088, 0.0120531,  0.688882,   1.60561,   1.37459,
71 ,          0,  0.743479,  0.715356,   1.15455,    1.2088,   0.61003,  0.916107,
72 ,          0,  0.260354,   1.04838,  0.813888,   1.31889,   1.20494,   1.49326,
73 ,          0,-1.0319e-06,  0.552234,  0.336714,   1.02842,         0,  0.480435,
74 ,          0,  0.854691,   1.41539,   1.21804,   1.40869,  0.636391,  0.344067,
75 ,          0,3.43965e-07,  0.875015,  0.677347,  0.393921,  0.661948,  0.067262,
76 ,          0,  0.234136,1.71983e-07,   0.67769,   1.15189,    1.3254,   1.22973,
77 ,          0,  0.641572,  0.324668,  0.928279,   1.76386,   1.22149,  0.892555,
78 ,          0,  0.590442,  0.125551,  0.488111,  0.959929,  0.409837,  0.872627,
79 ,          0,   1.42746, 0.0687201,   0.97069,  0.831558,   1.30832,  0.988047,
80 ,          0,1.71983e-07,  0.937561,   1.28172,  0.203325,  0.634431,   1.34764,
81 ,          0,  0.923859,  0.491658,    1.0666,  0.372071,   1.01783,   1.13494,
82 ,          0,  0.964039,  0.326583,  0.982984,  0.848849,  0.858453,   1.01568,
83 ,          0,  0.734422,   1.17473,  0.719233,  0.668923,    1.1294,   1.11825,
84 ,          0,  0.626558,   1.13419,   1.79497,   1.71737,   2.02577,    1.5845,
85 ,          0,  0.698484,  0.364169, 0.0831055,  0.279552,  0.269241,   1.13792,
86 ,          0,  0.933013,   1.05381,  0.438261,   1.19811,   0.82403,  0.558235,
87 ,          0,  0.850595,   1.02924,  0.330519,  0.266336, 0.0808955,   1.22784,
88 ,          0, 0.0115096,  0.666452,   0.14373,   1.33237,  0.485907,   0.15812,
89 ,          0,  0.970605,   1.38557,   1.54685,  0.188191,  0.886281,   1.45095,
90 ,          0,   1.12588,   1.73373,   1.33145,  0.680927,  0.937905,   1.40948,
91 ,          0,         0,  0.857247,  0.703504,  0.558152,  0.944376,  0.405162,
92 ,          0,  0.831532,  0.915636,  0.348418,   1.26396,   1.62928,   2.19844,
93 ,          0,   1.16324,   0.56614,  0.683114,  0.975172,  0.698457,  0.121822,
94 ,          0, 0.0309686, 0.0364872,  0.615012,   1.39799,  0.742732,   1.17871,
95 ,          0,   1.08885,   1.55152,   2.08596,   2.14884,   1.61894,   1.99365,
96 ,          0,0.00420344,  0.873538,    1.3181,  0.516153,  0.932764,  0.521871,
97 ,          0,  0.560663,    1.0257,  0.843815,   1.57392,  0.630599,   1.18101,
98 ,          0,3.43965e-07,   0.98895,   1.73518,   1.54781,         0,  0.816401,
99 ,          0,1.71983e-07,   0.55991,   1.29539,  0.963125,  0.662122,   1.18724,
100 ,          0,  0.957744,   1.26344,   0.40205,   0.08924,  0.995926,    0.4215,
101 ,                    0,            0.532819,            0.737013,            0.831015,            0.135022,            0.929686,            0.989931,
Time Cost : 0.030657



Nqubit : 8

Rate : 0.1

1 ,          0,   1.32351,   1.62188,   2.01382,    2.7798,   3.01311,   1.59662,   1.82405,   1.58367,
2 ,          0,  0.657229,  0.648114,   1.57492,   1.86121,   1.71196,   2.57227,   2.37061,   2.60914,
3 ,          0,   1.16797,   1.67845,   1.82475,   2.30963,   2.32589,   2.82448,   3.06253,   2.28748,
4 ,          0,  0.440609,   1.14529,   2.19464,   1.58439,   1.00995,   1.31843,   1.33845,   1.17648,
5 ,          0,  0.856158,    1.5745,  0.904514,  0.936056,   1.80409,   2.46947,    2.1718,   1.74929,
6 ,          0,   1.18027,   1.24715,   1.14925,   1.63566,   2.09791,   2.01029,   2.29648,   2.12085,
7 ,          0,  0.661619,   1.72615,   1.17467,   2.04676,   1.39761,   1.75958,   1.48872,   2.31596,
8 ,          0,  0.857582,   1.10313,   1.90206,   2.13054,    2.4455,  0.590084,   1.36334,   1.10503,
9 ,          0,   1.19053,  0.706195,   1.82365,   2.41234,   1.66884,   1.82829,   2.51443,   2.73786,
10 ,          0,  0.767772,   1.65144,   1.32957,   1.63364,   2.24008,   2.71181,   2.39179,   1.65241,
11 ,          0,  0.626605,   1.60782,   2.15422,   2.19235,   1.60669,   1.50263,   1.56532,   1.68703,
12 ,          0,  0.440091,   1.26203,   1.44315,   2.09803,   1.94655,   2.15273,   1.68527,   2.43935,
13 ,          0,  0.360236,   1.00104,  0.238267,   1.33285,  0.913566,   1.28407,   1.30188,   1.74025,
14 ,          0,   0.56784,   1.09808,   1.92027,   1.85099,  0.796184,     1.518,   1.40292,   1.68806,
15 ,          0,  0.907447,   1.15828,   1.04639,   1.11765,   1.47302,   2.11411,   2.04206,   2.07317,
16 ,          0,   0.50995,  0.879321,   1.60221,   1.96394,   2.09321,   1.49762,   2.01426,   2.75171,
17 ,          0,1.71983e-07,  0.574746,   1.19177,   1.42397,   1.05393,   1.14092,   1.06325,  0.581311,
18 ,          0,   1.26668,   2.00202,   1.54602,   1.34615,   1.80644,   2.03343,   2.10557,  0.732964,
19 ,          0,  0.881709,   1.27937,   1.86224,   1.66731,   1.65218,   1.39236,    1.6574,   1.34981,
20 ,          0,   0.83131,   1.22979,   1.33786,   1.50809,   2.42528,   2.05198,   2.16217,   2.53462,
21 ,          0,  0.346493,  0.185753,  0.894551,   1.11005,   1.66576,   1.89133,   2.45926,   2.22675,
22 ,          0,  0.624717,  0.833205,   1.26066,   1.35121,   1.64904,   1.52672,   1.01143,   1.28845,
23 ,          0,  0.694482,  0.653868,   1.10286,  0.860742,   1.35602,   1.77476,   2.03457,   1.77266,
24 ,          0,  0.699568,  0.530294,   1.42039,  0.973472,  0.628421,   1.00299,   1.76189,   1.63954,
25 ,          0,  0.466571,  0.930339,   1.22861,   1.27346,  0.896962,   1.53793,    1.8368,   2.17348,
26 ,          0,  0.799386,   1.37813,   1.33771,   1.31187,   2.29179,   2.04075,   2.06158,   2.08412,
27 ,          0,  0.508649,   1.54147,   1.52247,   1.96256,   2.03931,   1.56284,    1.9162,   2.26534,
28 ,          0,  0.354346,  0.891992,   2.04613,   1.79578,   1.95609,   1.59418,   1.46662,   1.60426,
29 ,          0,  0.588765,   1.33909,   1.14903,   1.81956,  0.896249,   1.10437,   1.06101,   1.78088,
30 ,          0,  0.535104,  0.845359,   1.24953,   1.48729,   2.00926,     1.283,   2.55121,   2.16476,
31 ,          0,  0.330184,   1.01246,   1.42938,  0.998189,   1.15897,    1.7537,   2.34581,   2.19536,
32 ,          0,  0.742937,  0.480003,  0.447664,  0.994969,    1.3595,   1.88379,   1.91231,   2.17343,
33 ,          0,  0.808362,   1.22642,   1.36553,   1.18407,   1.08734,   1.19925,   1.65482,   2.21642,
34 ,          0,3.43965e-07,   0.86047,   1.56238,   2.02555,   2.56833,   3.03792,   3.09773,   2.28089,
35 ,          0,   1.05819,   1.93974,   1.73424,   2.45381,    2.7146,   2.21378,   2.41995,   2.92513,
36 ,          0,  0.771643,   1.35328,   2.04488,   2.22464,   2.32599,   2.71962,   2.88347,   2.49079,
37 ,          0,   1.01861,  0.256028,  0.292061,  0.872853,    1.2738,   1.77838,   1.98212,   1.64739,
38 ,          0,  0.918629,   1.35425,   1.77818,   2.21431,    1.6485,   1.98768,    1.7717,   2.31651,
39 ,          0,   1.12159,  0.966804,   1.16033,  0.606244,   1.82172,    1.8557,   2.07048,   1.72382,
40 ,          0,  0.641745,   1.15366,   1.21119,   1.34003,    1.9272,    1.4542,   2.15737,   1.65724,
41 ,          0,1.71983e-07,    0.9588,   1.48309,   1.29987,   1.88593,   2.42123,   2.13758,   1.48937,
42 ,          0,  0.746247,  0.228693,   1.09478,   1.49613,   1.34719,   1.78692,   2.29887,   1.74482,
43 ,          0,  0.581367,   0.99201,   1.35123,  0.929592,  0.953703,   1.55079,   1.84809,   1.69682,
44 ,          0,  0.278152,   1.08785,   1.48131,   1.27691,   1.05685,   1.81398,   1.53671,   1.76163,
45 ,          0,         0,  0.625875,   1.10067,   1.63883,    1.9451,   2.44514,   2.26511,   2.02268,
46 ,          0,  0.931193,  0.934803,   1.45877,   2.31627,   2.19651,     1.617,   1.31676,    1.5903,
47 ,          0,   1.02185,   1.65698,   2.17548,   1.92474,   1.44546,   1.66263,   2.25148,   2.59948,
48 ,          0,   0.15914,  0.944431,  0.976653,   1.14725,   1.96732,   2.19608,   2.27089,   2.42613,
49 ,          0,  0.441653,  0.545332,   1.26019,   0.22173,  0.134778,   1.31389,   2.11036,   1.48815,
50 ,          0,  0.667443,   1.36193,   1.39197,   1.20837,    1.5334,   2.13008,   2.55106,  0.845849,
51 ,          0,  0.686102,  0.975536,   1.36892,   1.37465,   1.84537,  0.349134,  0.749525,   1.47659,
52 ,          0,  0.874524,    2.1378,   1.69406,   2.07362,   2.05447,   2.18575,   1.99944,   2.63482,
53 ,          0,  0.823887,   1.13653,   1.66521,   2.22412,   2.60868,   1.21634,    1.8267,   2.35046,
54 ,          0,  0.367002,   1.13615,   1.71087,   2.06405,    2.0918,   2.68602,    2.0679,   2.00799,
55 ,          0,  0.749919,   1.79792,   1.93582,   2.00508,   1.91942,   1.92053,   1.52716,    1.8026,
56 ,          0, 0.0433505,   1.15469,  0.200049,  0.634077, 0.0745797,  0.951596,   1.43755,   1.69981,
57 ,          0,         0,  0.956501,   1.27697,   1.52186,      1.56,   1.38132,   1.54535,   1.85258,
58 ,          0,  0.232732,  0.818387,   1.05437,   1.16151,   2.06712,   1.32265,   1.00832,   1.66832,
59 ,          0,   1.02914,   1.66585,  0.879639,   1.28676,   1.52705,   1.54555,  0.812003,  0.733764,
60 ,          0,  0.890197,  0.884667,   1.80559,   2.05564,   1.96408,   1.69698,   2.00213,  0.957597,
61 ,          0,  0.735365,   1.10941,   0.68678,   1.13307,   1.07221,   1.98112,    2.1477,   2.22927,
62 ,          0,   1.01674,   1.77995,    2.1346,   2.33463,   2.51372,   1.98661,   1.32131,   1.81964,
63 ,          0,  0.651189,  0.702738,   2.09964,   1.31602,   1.29205,  0.676129,   1.49181,  0.290922,
64 ,          0,  0.198956,   1.16136,   2.07077,   2.66794,   2.31889,   2.21658,   2.46442,   1.52318,
65 ,          0,  0.790189,   1.31397,   1.93256,   2.43775,   2.43011,   1.92662,   1.64472,   1.19089,
66 ,          0,  0.758804,   1.46005,  0.972809,   1.08453,   1.24352,    1.9657,   2.40017,   2.82333,
67 ,          0,  0.110782, 0.0196362,  0.602811,   1.29882,   1.42188,   1.21585,   1.81025,   2.21719,
68 ,          0,  0.486619,  0.238316,   1.54211,   1.89106,   2.09034,   2.36819,   2.96795,   2.44232,
69 ,          0,   1.00682,    1.2183,   1.07958,   1.37807,   1.53766,   1.32849,   2.21958,   2.75777,
70 ,          0,  0.590124,  0.817602,  0.660423,   1.10464,   1.96187,   2.52244,    1.5337,   2.03603,
71 ,          0,   1.20178,   1.90365,   1.57317,   1.65605,   1.80775,   2.05624,   1.73627,   1.99655,
72 ,          0,  0.852032,   1.55018,   1.99343,   1.95232,   1.27394,   1.73111,   2.43858,   2.14693,
73 ,          0,  0.744814,   1.28522,   1.14419,   2.06649,   2.56631,   2.30011,    2.3182,   1.97836,
74 ,          0,  0.863762,  0.292597,   1.10061,  0.850072,   1.27667,   1.16552,  0.834659,   1.32573,
75 ,          0,  0.851879,  0.529051,  0.664115,   1.31123,    1.4219,   1.67094,   1.82847,   2.01313,
76 ,          0,  0.741877,   1.55406,  0.177548,  0.967372,  0.661445,   1.32117,   1.85943,   2.08372,
77 ,          0,  0.890395,   1.79259,   1.12614,   2.08841,   1.84657,  0.423709,  0.971994,   1.85413,
78 ,          0,  0.856835,  0.231019,   1.00586,   1.14006,   1.55367,   1.82119,   1.26488,   1.73751,
79 ,          0,  0.151641,  0.919024,   1.30288,   1.08239,  0.869713,   1.92701,   1.45479,  0.988662,
80 ,          0,  0.501744,   1.50105,   1.16803,   1.13925,  0.933613,   1.23349,   1.84583,   1.98096,
81 ,          0,   1.24007,   1.87449,   1.42476,  0.672462,   1.00536,    1.1703,   1.43931,   1.97307,
82 ,          0, 0.0120048,    1.0637,   0.91585,   1.14832,   1.71804,    1.4278,   1.45243,   1.02912,
83 ,          0,  0.566052,  0.866319,   1.97965,   2.09799,   1.38469,   1.73052,   2.17282,   2.08147,
84 ,          0,  0.154495,  0.227663,   1.26928,   1.79247,  0.742231,   1.39215,3.43965e-07,         0,
85 ,          0,   1.19417,   1.12937,  0.956011,   1.53048,   1.60472,   1.65306,   2.26191,   2.57389,
86 ,          0,  0.942125,   1.74603,   2.15496,   2.59734,    1.1264,   1.29221,    1.7138,   2.15533,
87 ,          0,   1.00738,    1.4702,   1.93702,   2.06363,   1.53023,   1.09854,   1.81497,   2.22325,
88 ,          0,  0.642424,  0.733021,  0.777394,  0.710917,  0.698833,    1.6952,   1.26828,   1.94852,
89 ,          0,  0.981075,    1.5193,   1.70186,   1.70719,   1.29365,   2.30782,    2.1133,   2.71362,
90 ,          0,  0.468567,   1.00114,   1.74082,    2.1549,   2.24314,   2.72794,   2.97001,   2.20884,
91 ,          0, 0.0600426,  0.399305,  0.810841,  0.755826,  0.987387,   1.56391,   1.64308,    1.3183,
92 ,          0,  0.673669,  0.772669,   1.65804,   2.19793,   2.06616,   2.37866,   0.87094,   1.66463,
93 ,          0,  0.702786,   1.02909,   1.74472,  0.954336,   1.34788,   1.09694,  0.891968,  0.934341,
94 ,          0,  0.733408,  0.582246,    1.3069,   1.73105,   1.52368,   2.17155,   1.25477,    1.3528,
95 ,          0,  0.827753,  0.918476,   1.26041,   1.65732,   1.64791,   1.93927,   1.86894,   1.70847,
96 ,          0,  0.917599,   1.05685,   1.30963,   1.52742,   1.56384,   1.87777,   1.53542,   1.75569,
97 ,          0,  0.653255,   1.30896,   1.01711,  0.523361,   1.35757,   1.77362,    1.9355,   2.14758,
98 ,          0,   1.06969,   2.07609,    2.3908,   1.75808,   2.06207,    1.9251,   1.97155,    2.2592,
99 ,          0,   1.00325,   1.11718,  0.704877,   1.10348,    1.7314,   2.14539,    1.8621,   1.11672,
100 ,          0,  0.137603,    1.4383,  0.339338,   1.72613,   1.36459,   1.90343,   2.31668,   1.50032,
101 ,                    0,            0.670387,             1.10638,             1.36276,             1.55864,             1.62029,             1.74875,             1.83754,             1.84495,
Time Cost : 0.069959

Rate : 0.2

1 ,          0,-1.0319e-06,  0.150318,   1.11517,   1.62656,  0.973934,   0.48261,   1.53365,   1.34781,
2 ,          0,   1.07487,    1.1542,  0.149594,  0.886446,  0.469006,  0.223007,   1.56585,   1.29787,
3 ,          0,  0.059849,  0.334615,  0.943827,  0.849081,   0.50463,  0.746192,   1.06719,    1.2052,
4 ,          0,1.71983e-07,  0.549305,  0.566479,   1.30807,   1.30541,  0.977313,   1.51952,   1.71551,
5 ,          0,  0.773435,   1.66768,    1.8449,   1.88255,   1.17065,   1.59019,   1.93089,  0.331488,
6 ,          0,  0.504696,   1.58807,   1.20906,   1.63555,   1.62886,   1.36903,   1.51373,   1.62071,
7 ,          0,  0.458474,  0.763502,  0.943486,  0.634855,   1.43158,   1.78707,   1.50094,   1.45905,
8 ,          0,    0.5765,   1.15206,   1.01437,   1.23324,   1.18083,   1.79935,   1.84327,   1.04346,
9 ,          0,   0.89903,   1.13308,   1.11401,  0.199093,  0.109889,    0.6909,   1.16837,  0.870323,
10 ,          0,  0.526393,   1.10001,   1.88707,  0.555313,   1.48726,  0.645468,   1.49228,   1.50002,
11 ,          0,  0.586295,  0.849373,   1.11188,   1.75872,   1.21839,   1.74293,   1.79686,  0.866259,
12 ,          0,-3.43965e-07,  0.728252,  0.524487,   0.62144,  0.510751,  0.728771,   0.96611,   1.44705,
13 ,          0,  0.332206,  0.237282,  0.477255,   0.58446,  0.712899,  0.553004,  0.455506,   0.53993,
14 ,          0,         0,   1.07701,   1.20674,   1.13002,   1.24088,   1.35811,   1.01757,  0.207764,
15 ,          0,  0.560641,  0.675677,    1.3025,  0.221776,   1.06722,  0.760374,  0.737164,   1.22579,
16 ,          0,  0.547351,   1.53655, 0.0871746,  0.741839,   1.03557,   1.02221,  0.723775,   0.21131,
17 ,          0,  0.524732,  0.807237,   1.44804,   1.16606,  0.585024,  0.137232,   0.88448,   1.13938,
18 ,          0,  0.573088,  0.980195,  0.741709,   0.85613,    0.9924,   1.31553,   1.87643,   1.19605,
19 ,          0,  0.855803,   1.11129,   0.90018,  0.817359,  0.284553,  0.516227,    1.2732,   1.85523,
20 ,          0, 0.0440041,  0.609216,   1.36889,   1.05377,  0.671632,  0.779157,   1.21945,   1.03549,
21 ,          0,   1.22442,   1.84907,   1.57724,  0.302413,  0.745413,  0.699222,  0.318136,  0.681264,
22 ,          0,  0.468691,  0.960249,  0.888653,  0.604449,  0.783338,   1.05867,  0.934996,  0.839954,
23 ,          0,5.15948e-07,  0.145535,   1.15994,   1.29526,    1.5772,   1.73165,  0.492571,   0.67893,
24 ,          0,  0.922429, 0.0559496,  0.992492,   0.17078,  0.633333,  0.994513,    1.5686,   2.18861,
25 ,          0,   1.10244,   1.65102,   1.59563,    1.2468,   2.55217,   1.34474,   1.82809,   1.85983,
26 ,          0,   1.16491,  0.647108,  0.699969,  0.590081,  0.676542,   1.15495,  0.696077,  0.398021,
27 ,          0,  0.717248,  0.829367,  0.551519,   1.17819,  0.803132,    1.2465,  0.981559,    1.5536,
28 ,          0,  0.450558,  0.235382,   1.44878,   1.14385,   1.60362,   1.24036,  0.611935,  0.856977,
29 ,          0,   1.00638,  0.738814,   1.57695,   1.30818,    1.2613,  0.659943,  0.227158,  0.506299,
30 ,          0,    1.1196,   0.61458,  0.383387,  0.880156,   1.35871,  0.318694,  0.214155,  0.727864,
31 ,          0,  0.613906,  0.508689,  0.462934,  0.992168,   1.29137, 0.0479103,  0.986208,  0.852531,
32 ,          0,  0.569594,  0.948931,  0.603229,  0.615776,   1.03726,   1.64422,    1.4818,   1.23112,
33 ,          0,  0.649124,   1.11123,   1.08167,    1.5854,    1.0494,  0.404153,  0.983703,   1.24404,
34 ,          0,  0.341473,   1.35013,   1.38501,   1.76036,   1.28458,   2.01057,  0.775182,   1.32699,
35 ,          0,1.71983e-07,  0.280118,  0.185328,   1.11679,  0.137248,  0.768108,   1.74844,   2.33069,
36 ,          0,  0.645608,  0.906306,   1.30752,   1.57992,   1.26509,   1.12085,  0.813182,   1.29779,
37 ,          0,  0.694989,  0.736813,  0.384196,  0.186801,  0.562333,   0.34772,  0.193512,    1.1957,
38 ,          0,  0.627102,   1.07702,  0.355775,   0.98741,   1.37333,   1.27205,  0.144355,    0.9671,
39 ,          0,  0.416349,  0.272435,  0.177296,  0.721486,   1.42507,  0.867412,  0.969379,  0.873371,
40 ,          0,  0.353502,  0.486001,  0.659835,0.00938224,  0.428492,     1.005,     1.014,  0.781124,
41 ,          0,  0.593644,   1.04014, 0.0570072,  0.150559, 0.0963595,  0.565179,  0.952755,   1.27109,
42 ,          0, 0.0213335, 0.0248172,  0.257912,   1.05609,  0.882946,   0.73897,  0.583434,  0.508772,
43 ,          0,    1.0274,  0.106941, 0.0441977,   1.02232,  0.593192,   1.69288,  0.712342,  0.944903,
44 ,          0, 0.0139547,  0.586658,  0.675556,   1.60657,   1.96747,   1.55367,   1.09967,  0.224433,
45 ,          0,  0.771204,   1.09354,  0.740557,   0.99551,   1.48864,  0.933851,  0.846176,  0.475328,
46 ,          0,  0.503275,   1.03016,    1.3504,   1.69772,    1.0058,   1.22362,  0.363793,  0.466649,
47 ,          0,  0.593883,  0.756728,   1.81476,   2.43139,   1.16431,   1.18622,    1.3968,  0.893384,
48 ,          0,  0.539516,  0.276482,   1.17547,   1.70407,   1.28904,  0.391849,   1.45203,  0.861098,
49 ,          0,  0.440228,   1.06008,   1.35317,   1.74195,   1.41123,   1.79096,   2.41765,  0.510069,
50 ,          0,  0.371109,  0.285042,  0.808441,   1.95945,   1.64877,    1.5628,   1.89333,   1.36179,
51 ,          0,  0.207647,  0.168298,  0.108873,  0.740471,   1.44183,   1.41226,    1.1692,   1.51914,
52 ,          0,  0.376137,  0.701033,  0.144191,  0.727275,  0.609164,  0.806678,  0.512173,   1.03526,
53 ,          0,  0.361301,   0.71498,  0.979455,  0.907608,  0.902896,  0.126633,    0.0961,  0.946757,
54 ,          0,  0.165705,  0.328782,   1.22213,     1.611,  0.260113,  0.497521, 0.0692841, 0.0685606,
55 ,          0,  0.390776,   1.19243,   1.55992,   1.64061,  0.964505,  0.927373,   1.43392,   1.69976,
56 ,          0,  0.867269,   1.85007,   1.64507,   1.53064,   1.14997,   1.30069,  0.559541,    1.5838,
57 ,          0,  0.637858,  0.955581,  0.903882,   1.14039,   1.44233,   2.43584,   1.88592,   1.64144,
58 ,          0,  0.602311,  0.541173,  0.414801, 0.0147689,  0.883096,1.71983e-07,1.71983e-07,  0.863089,
59 ,          0,  0.552995,   1.31724,   1.17092,  0.945756,  0.658813,   1.12938,  0.941778,   1.45138,
60 ,          0,  0.565415,  0.530074,  0.496451,   0.48061,  0.922599,   0.13798,  0.364081,  0.567533,
61 ,          0,  0.465906,   1.20927,   1.49588, 0.0692855,  0.204816,0.00556836,   0.72954,  0.788553,
62 ,          0,1.71983e-07,  0.630183,  0.713552,  0.293719,  0.769969,   1.40441,   1.46804,  0.518975,
63 ,          0,  0.604287,  0.985383,   1.43096,     1.225,  0.169084, 0.0787058,  0.916334,  0.538539,
64 ,          0,0.00567107,  0.340377,  0.477717,   0.65318,  0.824218,   1.82799,  0.946849,   1.28229,
65 ,          0,  0.713915,   1.33433,   1.01078,   1.02895, 0.0558911,  0.319002,  0.533496,   1.24508,
66 ,          0,  0.773643,  0.399645, 0.0521247,  0.900167,  0.849914,   1.18706,  0.934882,  0.494032,
67 ,          0,   0.68483,  0.384385,   1.42478,   1.24654,   1.20856,   1.80219,   1.83194,   1.85319,
68 ,          0,  0.728641,   0.61253,  0.267617,   0.54715,     1.279,  0.944979,  0.961316,    1.0657,
69 ,          0,  0.781196,  0.758836,   1.45903,   1.23327,   1.22701,  0.820439,   1.35877,  0.321936,
70 ,          0,  0.594779,  0.218305,  0.465538,  0.188153,  0.234053,  0.310574,   1.15614,   1.49731,
71 ,          0,  0.476661,  0.770068,   1.20716,  0.979752,  0.828338,  0.995964,     0.832,   1.05717,
72 ,          0,  0.963915,   1.05121,   1.29086,   1.92111,   1.08869,   1.10519,   0.46642,   1.53487,
73 ,          0,  0.478433, 0.0385964,  0.596868,  0.901832,   1.02388,   0.58562,  0.777122,    1.3047,
74 ,          0,  0.111041,  0.926304,    1.1615,  0.963552,  0.804022,   1.55138,   1.23471,   1.37194,
75 ,          0,  0.473298,  0.614177,  0.389902,   1.50909,   1.84141,   1.83045,   1.63927,   0.41925,
76 ,          0,  0.348727,   1.28167,   1.50131,   1.17418,    1.6311,   1.04154,  0.377017,   1.03499,
77 ,          0,  0.130516, 0.0624868,0.00519503,  0.432869,  0.727471,   1.01132,  0.810635,   1.48992,
78 ,          0,  0.585247,  0.200424,  0.921443,   1.03723,   1.10891,  0.164904,  0.155972, 0.0649459,
79 ,          0,  0.581719,   1.11775,   1.37895,   1.26213,  0.945575,   1.38834,  0.412525,   1.10517,
80 ,          0,   0.77026,   1.05567,   1.95432,   2.19119,   2.54527,   2.12788,  0.526875,  0.444662,
81 ,          0,  0.816283,   0.83359,   1.18143,   1.17094,  0.861798,   1.27543,   1.41417,   1.12441,
82 ,          0,  0.320777, 0.0993784,  0.261285,   0.74088,  0.561231,  0.311729,  0.449338,  0.863557,
83 ,          0,  0.335159,  0.839785,  0.788813,  0.768303,    1.3912,  0.867674,    1.4823,   1.28019,
84 ,          0,   0.49551,  0.814642,  0.761173,  0.573861,  0.849195,   1.20479,   1.00838,  0.291221,
85 ,          0,   0.43791,  0.667003,   1.04211,  0.941825,   0.34878,   1.18303,   1.49774,   2.10091,
86 ,          0,  0.551035,  0.730988,    1.1557,  0.404066,   1.18629,  0.373324,  0.993758,  0.678147,
87 ,          0,   1.05854,    1.3332,  0.914273,    1.2974,  0.881853,  0.695899,    1.1623,   1.25656,
88 ,          0, 0.0267265,  0.969073,  0.643958,  0.825596,  0.789925,   1.32986,  0.211415,   1.40038,
89 ,          0,  0.731389,   1.08154,   1.42406,    1.4168,   1.02519,  0.611002,  0.533271,   0.62307,
90 ,          0,  0.636022,  0.718468,  0.934473,  0.651783,  0.600337,   1.19025,    1.6062,    1.5243,
91 ,          0, 0.0570257,   1.07523,  0.851141,    1.0457,  0.471386,   1.36778,   1.16653,   1.66679,
92 ,          0,   0.35424,  0.857489,     1.077,   1.17245,   1.11763,   0.78816,  0.893741,  0.938686,
93 ,          0,  0.623184,  0.742856,  0.352183,   1.34608,   1.70168,  0.510978,  0.441151,  0.626292,
94 ,          0,  0.748676,  0.913254,  0.181664,  0.961609,  0.637027,  0.584628,  0.670909,  0.705045,
95 ,          0,-3.43965e-07,    1.3123,   1.39282,  0.765472,  0.999791,  0.763607,  0.883345,    1.0415,
96 ,          0,   0.85172,  0.792218,   1.09379,  0.290377,   1.20225,   1.50542,   0.81546,   1.17155,
97 ,          0,         0,  0.535834,   1.01409,  0.561457,   1.12951,   1.51333,  0.894713,   2.04666,
98 ,          0,  0.635378,   1.09597,   1.44008,  0.755357,   1.35623,    1.2237,   1.48834,   1.42955,
99 ,          0,         0,   1.32312,   1.53709,  0.675163,   1.86706,   1.19064,  0.816585,   1.54917,
100 ,          0,  0.140462,   1.00836,   1.59741,     2.171,   1.50882,   1.45117,   1.22859,  0.686616,
101 ,                    0,            0.506814,            0.799058,            0.932074,             1.00437,             1.01068,             1.00022,            0.109056,              1.0584,
Time Cost : 0.077352



Total Time Cost : 0.207754